Probability	Latency
0.0002	4.9
0.0004	4.9
0.0008	4.9
0.0012	4.9
0.0018	5
0.0029	5
0.0036	5
0.0046	5
0.0056	5
0.0066	5.1
0.0075	5.1
0.0079	5.1
0.0088	5.1
0.0094	5.1
0.0102	5.2
0.0115	5.2
0.0125	5.2
0.013	5.2
0.0145	5.2
0.0155	5.3
0.0165	5.3
0.0178	5.3
0.0187	5.3
0.0206	5.3
0.0225	5.4
0.0242	5.4
0.0256	5.4
0.0266	5.4
0.0281	5.4
0.0294	5.5
0.0303	5.5
0.0314	5.5
0.0321	5.5
0.0334	5.5
0.0346	5.6
0.0356	5.6
0.0368	5.6
0.0376	5.6
0.0387	5.6
0.0398	5.7
0.0406	5.7
0.0414	5.7
0.0423	5.7
0.0434	5.7
0.0446	5.8
0.0452	5.8
0.0459	5.8
0.0468	5.8
0.0474	5.8
0.048	5.9
0.0488	5.9
0.0494	5.9
0.0502	5.9
0.0513	5.9
0.052	6
0.0528	6
0.0532	6
0.054	6
0.0542	6
0.0546	6.1
0.055	6.1
0.0553	6.1
0.0558	6.1
0.056	6.1
0.0563	6.2
0.0569	6.2
0.0579	6.2
0.0588	6.2
0.0605	6.2
0.0633	6.3
0.0679	6.3
0.0727	6.3
0.0786	6.3
0.0864	6.3
0.0943	6.4
0.1046	6.4
0.1138	6.4
0.1255	6.4
0.1399	6.4
0.1523	6.5
0.1639	6.5
0.1766	6.5
0.189	6.5
0.2014	6.5
0.214	6.6
0.2256	6.6
0.2369	6.6
0.2489	6.6
0.2595	6.6
0.2728	6.7
0.2867	6.7
0.3013	6.7
0.3149	6.7
0.3281	6.7
0.3381	6.8
0.3507	6.8
0.3641	6.8
0.378	6.8
0.3906	6.8
0.4029	6.9
0.4168	6.9
0.4317	6.9
0.4444	6.9
0.4579	6.9
0.4711	7
0.4853	7
0.4999	7
0.5145	7
0.5291	7
0.5431	7.1
0.5562	7.1
0.5726	7.1
0.5879	7.1
0.6023	7.1
0.6153	7.2
0.6302	7.2
0.6452	7.2
0.6608	7.2
0.6753	7.2
0.6897	7.3
0.7043	7.3
0.7185	7.3
0.7308	7.3
0.7432	7.3
0.7557	7.4
0.7676	7.4
0.7796	7.4
0.7906	7.4
0.8012	7.4
0.8084	7.5
0.8174	7.5
0.8261	7.5
0.8334	7.5
0.8403	7.5
0.846	7.6
0.8507	7.6
0.8567	7.6
0.8607	7.6
0.8639	7.6
0.8669	7.7
0.8684	7.7
0.8704	7.7
0.8733	7.7
0.8749	7.7
0.8767	7.8
0.8783	7.8
0.8805	7.8
0.8829	7.8
0.8847	7.8
0.8863	7.9
0.8871	7.9
0.8887	7.9
0.8896	7.9
0.8909	7.9
0.8918	8
0.8924	8
0.8928	8
0.8932	8
0.8935	8
0.8939	8.1
0.894	8.1
0.8943	8.1
0.8946	8.1
0.8948	8.1
0.895	8.2
0.8953	8.2
0.8954	8.2
0.8955	8.3
0.8957	8.3
0.896	8.3
0.8962	8.3
0.8965	8.4
0.8967	8.4
0.8968	8.4
0.8969	8.4
0.897	8.5
0.8971	8.5
0.8973	8.5
0.8975	8.6
0.8978	8.6
0.8981	8.7
0.8983	8.7
0.8985	8.7
0.8987	8.7
0.8988	8.7
0.8989	8.8
0.899	8.8
0.8994	8.8
0.8996	8.8
0.8998	8.8
0.9	8.9
0.9001	8.9
0.9002	8.9
0.9004	8.9
0.9005	8.9
0.9008	9
0.9009	9
0.9011	9
0.9012	9
0.9015	9
0.9016	9.1
0.902	9.1
0.9023	9.1
0.9025	9.1
0.9026	9.1
0.9027	9.2
0.9029	9.2
0.903	9.2
0.9034	9.2
0.9035	9.3
0.9036	9.3
0.9037	9.3
0.9038	9.3
0.9039	9.3
0.9044	9.4
0.9046	9.4
0.9048	9.4
0.9049	9.5
0.9052	9.5
0.9054	9.5
0.9057	9.5
0.9058	9.6
0.906	9.6
0.9062	9.6
0.9064	9.6
0.9065	9.7
0.9066	9.7
0.9067	9.7
0.9069	9.7
0.9073	9.8
0.9075	9.8
0.9076	9.8
0.9078	9.9
0.9079	9.9
0.9082	9.9
0.9083	9.9
0.9085	9.9
0.9087	10
0.909	10
0.9093	10
0.9094	10.1
0.9095	10.1
0.9097	10.1
0.9098	10.1
0.9099	10.2
0.91	10.2
0.9101	10.2
0.9103	10.2
0.9104	10.2
0.9107	10.3
0.9108	10.3
0.9109	10.3
0.9111	10.3
0.9112	10.4
0.9113	10.4
0.9114	10.4
0.9117	10.4
0.9118	10.4
0.9121	10.5
0.9122	10.5
0.9123	10.5
0.9126	10.5
0.9127	10.5
0.9129	10.6
0.9135	10.6
0.9136	10.6
0.9137	10.6
0.9138	10.6
0.9139	10.7
0.914	10.7
0.9142	10.7
0.9143	10.7
0.9144	10.8
0.9148	10.8
0.9149	10.8
0.915	10.8
0.9152	10.9
0.9154	10.9
0.9156	10.9
0.9157	10.9
0.916	10.9
0.9162	11
0.9165	11
0.9168	11
0.917	11
0.9171	11
0.9172	11.1
0.9173	11.1
0.9176	11.1
0.9182	11.1
0.9185	11.2
0.9188	11.2
0.919	11.2
0.9195	11.2
0.9199	11.2
0.9201	11.3
0.9203	11.3
0.9206	11.3
0.921	11.3
0.9212	11.3
0.9216	11.4
0.9221	11.4
0.9224	11.5
0.9229	11.5
0.9232	11.5
0.9239	11.5
0.9241	11.5
0.9242	11.6
0.9246	11.6
0.9248	11.6
0.9252	11.6
0.9257	11.6
0.926	11.7
0.9265	11.7
0.927	11.7
0.928	11.7
0.9286	11.7
0.9293	11.8
0.9302	11.8
0.932	11.8
0.9331	11.8
0.934	11.8
0.9354	11.9
0.9368	11.9
0.9378	11.9
0.9389	11.9
0.9395	11.9
0.9404	12
0.9417	12
0.9432	12
0.9439	12
0.9452	12
0.9459	12.1
0.9471	12.1
0.9481	12.1
0.9488	12.1
0.95	12.1
0.9511	12.2
0.9524	12.2
0.9532	12.2
0.9547	12.2
0.956	12.2
0.9565	12.3
0.9573	12.3
0.9578	12.3
0.959	12.3
0.9597	12.3
0.9609	12.4
0.962	12.4
0.9639	12.4
0.9651	12.4
0.9666	12.4
0.9673	12.5
0.9676	12.5
0.9686	12.5
0.9697	12.5
0.9702	12.5
0.9713	12.6
0.972	12.6
0.9726	12.6
0.9738	12.6
0.9749	12.6
0.976	12.7
0.9775	12.7
0.9784	12.7
0.979	12.7
0.9798	12.7
0.9807	12.8
0.9814	12.8
0.9823	12.8
0.9837	12.8
0.9846	12.8
0.9849	12.9
0.9854	12.9
0.9859	12.9
0.9863	12.9
0.9866	12.9
0.9873	13
0.9876	13
0.9879	13
0.9881	13
0.9885	13.1
0.9886	13.1
0.9887	13.1
0.9892	13.2
0.9893	13.2
0.9894	13.2
0.9895	13.3
0.9897	13.3
0.9898	13.4
0.99	13.4
0.9901	13.4
0.9902	13.5
0.9903	14.1
0.9904	14.5
0.9905	14.5
0.9906	14.7
0.9907	14.8
0.9908	14.9
0.991	15
0.9911	15
0.9912	15.1
0.9914	15.1
0.9915	15.1
0.9916	15.1
0.9918	15.2
0.9919	15.2
0.992	15.2
0.9922	15.3
0.9923	15.3
0.9924	15.4
0.9925	15.5
0.9927	15.6
0.9929	15.6
0.993	15.7
0.9931	15.7
0.9932	15.8
0.9934	15.9
0.9935	15.9
0.9937	15.9
0.9938	16
0.9939	16.1
0.994	16.3
0.9941	16.4
0.9942	16.6
0.9943	16.7
0.9944	17.1
0.9945	18.4
0.9946	19.5
0.9947	20.8
0.9948	22.4
0.9949	23
0.995	25.2
0.9951	29.4
0.9952	29.6
0.9953	35
0.9954	38.7
0.9955	38.9
0.9956	40.6
0.9957	42
0.9958	43.8
0.9959	50.1
0.996	51.1
0.9961	51.6
0.9962	52
0.9963	54.3
0.9964	56.1
0.9965	56.4
0.9967	57.3
0.9968	58.1
0.9969	60.7
0.997	61.6
0.9971	64.5
0.9972	66.9
0.9973	68.3
0.9974	75
0.9975	75.2
0.9976	76.6
0.9977	78.3
0.9978	79
0.9979	79.9
0.998	80.5
0.9981	81.6
0.9982	81.7
0.9983	82
0.9984	82.4
0.9985	83.4
0.9986	84.5
0.9987	84.5
0.9988	87.2
0.9989	87.2
0.999	87.6
0.9991	90.5
0.9992	90.7
0.9993	92.2
0.9994	94.8
0.9995	95.3
0.9996	97.8
0.9997	99.1
0.9998	99.2
0.9999	99.9
1	100.7

