Probability	Latency
0.0001	4.9
0.0002	4.9
0.0003	5.1
0.0004	5.1
0.0005	5.1
0.0006	5.2
0.0007	5.2
0.0008	5.2
0.0009	5.3
0.001	5.3
0.0011	5.4
0.0012	5.5
0.0013	5.5
0.0015	5.6
0.0016	5.6
0.0017	5.6
0.0018	5.6
0.0019	5.7
0.0021	5.7
0.0022	5.8
0.0023	5.9
0.0024	5.9
0.0025	6
0.0026	6.1
0.0027	6.2
0.0028	6.2
0.003	6.4
0.0031	6.4
0.0033	6.4
0.0034	6.5
0.0036	6.6
0.0037	6.6
0.0038	6.7
0.0039	6.8
0.004	6.8
0.0041	6.9
0.0042	6.9
0.0045	6.9
0.0051	6.9
0.0053	6.9
0.0057	7
0.0067	7
0.008	7
0.0097	7
0.0127	7
0.015	7.1
0.0175	7.1
0.0203	7.1
0.0238	7.1
0.0273	7.1
0.0306	7.2
0.0347	7.2
0.0385	7.2
0.0429	7.2
0.0456	7.2
0.05	7.3
0.0547	7.3
0.0589	7.3
0.0626	7.3
0.0663	7.3
0.0706	7.4
0.0747	7.4
0.0791	7.4
0.0828	7.4
0.0868	7.4
0.0908	7.5
0.0951	7.5
0.0994	7.5
0.1031	7.5
0.1071	7.5
0.1111	7.6
0.1157	7.6
0.1197	7.6
0.1239	7.6
0.1278	7.6
0.132	7.7
0.1354	7.7
0.1395	7.7
0.1433	7.7
0.147	7.7
0.1524	7.8
0.1566	7.8
0.1618	7.8
0.1656	7.8
0.1701	7.8
0.1738	7.9
0.1786	7.9
0.1825	7.9
0.1865	7.9
0.1921	7.9
0.1983	8
0.2042	8
0.2098	8
0.2172	8
0.2233	8
0.2316	8.1
0.2363	8.1
0.2429	8.1
0.2493	8.1
0.2569	8.1
0.2649	8.2
0.273	8.2
0.281	8.2
0.2889	8.2
0.2955	8.2
0.3029	8.3
0.3082	8.3
0.3127	8.3
0.3178	8.3
0.3235	8.3
0.3269	8.4
0.3328	8.4
0.3373	8.4
0.3429	8.4
0.3476	8.4
0.3524	8.5
0.3572	8.5
0.3615	8.5
0.3651	8.5
0.3695	8.5
0.3745	8.6
0.3794	8.6
0.3834	8.6
0.389	8.6
0.3932	8.6
0.3985	8.7
0.4031	8.7
0.4077	8.7
0.4126	8.7
0.4186	8.7
0.4243	8.8
0.431	8.8
0.4369	8.8
0.4444	8.8
0.4501	8.8
0.4584	8.9
0.468	8.9
0.4775	8.9
0.488	8.9
0.4991	8.9
0.5086	9
0.5208	9
0.5294	9
0.5388	9
0.5481	9
0.5577	9.1
0.5681	9.1
0.5775	9.1
0.5862	9.1
0.594	9.1
0.6035	9.2
0.6115	9.2
0.6204	9.2
0.6281	9.2
0.6354	9.2
0.6445	9.3
0.6511	9.3
0.6586	9.3
0.6648	9.3
0.6751	9.3
0.6822	9.4
0.6914	9.4
0.6983	9.4
0.7058	9.4
0.7135	9.4
0.7205	9.5
0.727	9.5
0.7361	9.5
0.7435	9.5
0.7508	9.5
0.7569	9.6
0.7658	9.6
0.7722	9.6
0.7796	9.6
0.7861	9.6
0.7925	9.7
0.7983	9.7
0.8056	9.7
0.8119	9.7
0.8187	9.7
0.8254	9.8
0.8324	9.8
0.8401	9.8
0.8477	9.8
0.8529	9.8
0.8606	9.9
0.8679	9.9
0.8746	9.9
0.8819	9.9
0.8888	9.9
0.8937	10
0.8994	10
0.904	10
0.9079	10
0.9108	10
0.9136	10.1
0.9159	10.1
0.9181	10.1
0.9198	10.1
0.9211	10.1
0.9223	10.2
0.9234	10.2
0.924	10.2
0.9256	10.2
0.9267	10.2
0.9281	10.3
0.9287	10.3
0.9298	10.3
0.9311	10.3
0.9325	10.3
0.9333	10.4
0.9345	10.4
0.9353	10.4
0.9367	10.4
0.9372	10.4
0.9375	10.5
0.9387	10.5
0.9391	10.5
0.9393	10.5
0.9396	10.5
0.94	10.6
0.9403	10.6
0.9408	10.6
0.9409	10.6
0.9412	10.6
0.9414	10.7
0.9422	10.7
0.9424	10.7
0.9426	10.8
0.9427	10.8
0.9428	10.8
0.943	10.9
0.9432	10.9
0.9433	10.9
0.9434	11
0.9436	11
0.9437	11
0.9438	11.1
0.944	11.1
0.9441	11.1
0.9443	11.2
0.9444	11.2
0.9445	11.3
0.9446	11.4
0.9447	11.4
0.9448	11.5
0.9449	11.6
0.945	11.6
0.9451	11.6
0.9452	11.7
0.9453	11.7
0.9454	11.8
0.9457	11.8
0.9458	11.9
0.9459	12
0.946	12.1
0.9461	12.1
0.9462	12.1
0.9463	12.2
0.9464	12.2
0.9465	12.4
0.9466	12.4
0.9468	12.5
0.9469	12.5
0.947	12.6
0.9471	12.6
0.9472	12.7
0.9473	12.8
0.9474	12.8
0.9475	12.9
0.9476	13
0.9477	13
0.9479	13.1
0.948	13.1
0.9481	13.1
0.9482	13.2
0.9484	13.2
0.9485	13.3
0.9486	13.3
0.9487	13.4
0.9489	13.4
0.949	13.5
0.9491	13.5
0.9492	13.6
0.9493	13.6
0.9494	13.6
0.9495	13.7
0.9498	13.7
0.9499	13.7
0.9501	13.7
0.9503	13.8
0.9504	13.8
0.9505	13.9
0.9508	13.9
0.9511	14
0.9513	14.1
0.9514	14.1
0.9515	14.1
0.9516	14.2
0.9517	14.3
0.9518	14.3
0.952	14.4
0.9521	14.4
0.9522	14.4
0.9523	14.4
0.9524	14.5
0.9525	14.5
0.9527	14.5
0.9528	14.5
0.9529	14.6
0.953	14.6
0.9531	14.6
0.9532	14.6
0.9533	14.7
0.9534	14.7
0.9535	14.7
0.9536	14.7
0.9537	14.8
0.9539	14.8
0.9543	14.8
0.9544	14.9
0.9545	14.9
0.9546	15
0.9547	15
0.9548	15.1
0.955	15.2
0.9554	15.2
0.9555	15.2
0.9556	15.2
0.9557	15.3
0.9558	15.3
0.956	15.3
0.9561	15.4
0.9562	15.4
0.9563	15.5
0.9564	15.5
0.9565	15.5
0.9566	15.6
0.9567	15.7
0.9568	15.7
0.957	15.7
0.9572	15.8
0.9573	15.8
0.9575	15.8
0.9576	15.8
0.9577	15.8
0.958	15.9
0.9582	15.9
0.9589	15.9
0.9592	15.9
0.9593	16
0.9594	16
0.9595	16
0.9596	16
0.9597	16
0.9599	16.1
0.9603	16.1
0.9605	16.1
0.9606	16.1
0.9607	16.1
0.9609	16.2
0.961	16.2
0.9611	16.2
0.9613	16.3
0.9616	16.3
0.9618	16.3
0.9619	16.4
0.9621	16.5
0.9624	16.5
0.9626	16.5
0.9628	16.5
0.9629	16.6
0.963	16.6
0.9631	16.6
0.9632	16.6
0.9635	16.6
0.9639	16.7
0.964	16.7
0.9641	16.7
0.9642	16.7
0.9643	16.8
0.9645	16.8
0.9646	16.8
0.9647	16.8
0.9649	16.9
0.9651	16.9
0.9654	16.9
0.9656	16.9
0.9659	17
0.966	17
0.9661	17.1
0.9664	17.1
0.9667	17.1
0.967	17.1
0.9671	17.2
0.9674	17.2
0.9675	17.2
0.9677	17.2
0.9679	17.2
0.968	17.3
0.9681	17.3
0.9682	17.3
0.9683	17.3
0.9684	17.4
0.9686	17.4
0.969	17.4
0.9692	17.5
0.9693	17.5
0.9696	17.5
0.9698	17.5
0.9699	17.6
0.97	17.6
0.9703	17.6
0.9704	17.6
0.9705	17.6
0.9706	17.7
0.9708	17.7
0.9709	17.7
0.9711	17.7
0.9713	17.7
0.9717	17.8
0.9718	17.8
0.972	17.8
0.9721	17.8
0.9723	17.9
0.9725	17.9
0.9727	17.9
0.9729	18
0.9731	18
0.9734	18
0.9738	18.1
0.9741	18.1
0.9742	18.1
0.9744	18.1
0.9745	18.1
0.9746	18.2
0.9749	18.2
0.975	18.2
0.9752	18.2
0.9754	18.2
0.9756	18.3
0.9758	18.3
0.976	18.4
0.9762	18.4
0.9763	18.4
0.9765	18.5
0.9767	18.5
0.9768	18.5
0.977	18.6
0.9772	18.6
0.9774	18.6
0.9775	18.6
0.9776	18.7
0.9777	18.7
0.9778	18.7
0.978	18.8
0.9781	18.9
0.9782	18.9
0.9784	19
0.9785	19
0.9786	19
0.9787	19.1
0.9788	19.1
0.9789	19.2
0.979	19.2
0.9792	19.4
0.9794	19.5
0.9796	19.6
0.9797	19.6
0.9798	19.8
0.9799	19.9
0.98	19.9
0.9801	20
0.9802	20
0.9803	20
0.9805	20.1
0.9806	20.2
0.9807	20.2
0.9808	20.3
0.9809	20.6
0.9811	20.6
0.9812	20.6
0.9813	20.7
0.9814	20.7
0.9815	20.8
0.9816	20.8
0.9817	20.9
0.9818	21
0.9819	21.1
0.982	21.2
0.9821	21.2
0.9823	21.3
0.9824	21.3
0.9825	21.3
0.9826	21.4
0.9827	21.5
0.9828	21.7
0.9829	21.7
0.983	21.9
0.9831	22
0.9832	22
0.9833	22
0.9834	22.2
0.9835	22.3
0.9838	22.6
0.9839	22.6
0.984	22.7
0.9842	22.8
0.9843	22.9
0.9844	23.2
0.9845	23.6
0.9846	23.6
0.9847	23.7
0.9848	23.7
0.9849	23.9
0.985	23.9
0.9851	24.1
0.9852	24.2
0.9853	24.2
0.9854	24.3
0.9855	24.3
0.9857	24.4
0.9859	24.5
0.986	24.6
0.9861	24.7
0.9863	24.8
0.9864	24.9
0.9865	24.9
0.9866	25
0.9867	25
0.9868	25.1
0.9869	25.2
0.9871	25.3
0.9872	25.3
0.9873	25.4
0.9874	25.5
0.9875	25.6
0.9876	25.8
0.9877	25.8
0.9878	25.9
0.9879	26
0.988	26.2
0.9881	26.2
0.9883	26.3
0.9884	26.4
0.9885	26.4
0.9886	26.6
0.9888	26.7
0.9891	26.9
0.9892	27.3
0.9894	27.3
0.9895	27.6
0.9896	28.5
0.9897	28.9
0.9898	29.5
0.9899	29.5
0.99	29.5
0.9901	29.7
0.9902	29.7
0.9903	30.1
0.9904	30.4
0.9905	30.9
0.9906	30.9
0.9908	31.8
0.9909	31.9
0.991	32
0.9911	32.1
0.9912	32.3
0.9913	32.4
0.9914	32.8
0.9915	32.8
0.9916	33
0.9917	33.4
0.9918	33.6
0.9919	33.7
0.992	33.9
0.9921	34
0.9922	34.1
0.9923	34.7
0.9924	35
0.9925	35.4
0.9926	35.6
0.9927	35.7
0.9928	35.9
0.9929	36.5
0.993	36.8
0.9931	37.1
0.9932	37.3
0.9933	37.7
0.9934	37.8
0.9935	38.4
0.9936	38.5
0.9937	38.6
0.9938	38.9
0.9939	39.6
0.994	39.7
0.9941	39.9
0.9942	40.2
0.9943	40.3
0.9944	40.5
0.9945	41.9
0.9946	43.1
0.9947	43.5
0.9948	43.5
0.9949	44
0.995	44.7
0.9951	49.3
0.9952	51.9
0.9953	52.8
0.9954	53.1
0.9955	53.9
0.9956	54.1
0.9957	54.3
0.9958	56.1
0.9959	57
0.996	57.1
0.9961	57.2
0.9962	57.9
0.9963	58.2
0.9964	58.5
0.9965	59.3
0.9966	59.8
0.9967	60.7
0.9968	61.1
0.9969	63.7
0.997	65.7
0.9971	66.3
0.9972	67.1
0.9973	67.3
0.9974	67.5
0.9975	67.6
0.9976	68.6
0.9977	72.4
0.9978	73.9
0.9979	76.4
0.998	80.8
0.9981	81.3
0.9982	82.3
0.9983	82.3
0.9984	83.9
0.9985	84.9
0.9986	85.7
0.9987	87.9
0.9988	88.7
0.9989	88.9
0.999	90.1
0.9991	90.5
0.9992	91.1
0.9993	93.8
0.9994	94.5
0.9995	95
0.9996	95.1
0.9997	95.1
0.9998	95.4
0.9999	95.4
1	96.8

