Probability	Latency
0.0001	5.5
0.0002	5.6
0.0003	5.6
0.0004	5.6
0.0005	5.7
0.0006	5.8
0.0007	6.1
0.001	6.3
0.0011	6.3
0.0012	6.3
0.0014	6.3
0.0015	6.4
0.0019	6.4
0.0026	6.4
0.0033	6.4
0.0041	6.4
0.0048	6.5
0.0054	6.5
0.006	6.5
0.0063	6.5
0.0071	6.5
0.0078	6.6
0.0085	6.6
0.0088	6.6
0.0092	6.6
0.0094	6.6
0.0097	6.7
0.0103	6.7
0.0107	6.7
0.011	6.7
0.0113	6.7
0.0122	6.8
0.0128	6.8
0.0137	6.8
0.0139	6.8
0.0146	6.8
0.015	6.9
0.0154	6.9
0.0162	6.9
0.0167	6.9
0.0174	6.9
0.0179	7
0.0189	7
0.0195	7
0.02	7
0.021	7
0.0215	7.1
0.0219	7.1
0.0222	7.1
0.0229	7.1
0.0235	7.1
0.0241	7.2
0.0247	7.2
0.0254	7.2
0.0258	7.2
0.0264	7.2
0.027	7.3
0.0275	7.3
0.0283	7.3
0.0291	7.3
0.0299	7.3
0.0308	7.4
0.0313	7.4
0.0323	7.4
0.0332	7.4
0.0339	7.4
0.0347	7.5
0.0357	7.5
0.0362	7.5
0.0373	7.5
0.0377	7.5
0.0382	7.6
0.0384	7.6
0.0386	7.6
0.0392	7.6
0.0397	7.6
0.0402	7.7
0.0408	7.7
0.0412	7.7
0.0417	7.7
0.0423	7.7
0.0426	7.8
0.0428	7.8
0.0432	7.8
0.0434	7.8
0.0436	7.8
0.044	7.9
0.0442	7.9
0.0447	7.9
0.0454	7.9
0.0459	7.9
0.0463	8
0.0465	8
0.0467	8
0.047	8
0.0474	8.1
0.0477	8.1
0.048	8.1
0.0485	8.1
0.0494	8.1
0.0501	8.2
0.0509	8.2
0.0515	8.2
0.0518	8.2
0.0522	8.2
0.0527	8.3
0.0532	8.3
0.0537	8.3
0.054	8.3
0.0547	8.3
0.0551	8.4
0.0555	8.4
0.0561	8.4
0.0564	8.4
0.0567	8.4
0.0569	8.5
0.0571	8.5
0.0575	8.5
0.058	8.5
0.0582	8.5
0.0586	8.6
0.0587	8.6
0.0589	8.6
0.0591	8.6
0.0592	8.6
0.0595	8.7
0.0599	8.7
0.0601	8.7
0.0602	8.8
0.0604	8.8
0.0605	8.8
0.0609	8.8
0.061	8.9
0.0611	8.9
0.0612	8.9
0.0615	9
0.0616	9
0.0618	9
0.0622	9
0.0624	9
0.063	9.1
0.0632	9.1
0.0633	9.1
0.0637	9.2
0.0639	9.2
0.0642	9.2
0.0643	9.2
0.0645	9.3
0.0647	9.3
0.0648	9.3
0.0649	9.3
0.0651	9.4
0.0652	9.4
0.0654	9.4
0.0655	9.4
0.0657	9.5
0.066	9.5
0.0663	9.5
0.0667	9.5
0.0669	9.6
0.0672	9.6
0.0675	9.6
0.0678	9.6
0.0681	9.6
0.0682	9.7
0.0686	9.7
0.0687	9.7
0.0691	9.7
0.0702	9.7
0.0715	9.8
0.0745	9.8
0.0786	9.8
0.0839	9.8
0.0921	9.8
0.1013	9.9
0.1133	9.9
0.1271	9.9
0.142	9.9
0.1576	9.9
0.1701	10
0.1831	10
0.1937	10
0.2051	10
0.219	10
0.2303	10.1
0.2401	10.1
0.2511	10.1
0.2625	10.1
0.2725	10.1
0.2832	10.2
0.2934	10.2
0.3044	10.2
0.3159	10.2
0.3282	10.2
0.3379	10.3
0.3486	10.3
0.3584	10.3
0.3693	10.3
0.3805	10.3
0.3898	10.4
0.3996	10.4
0.4119	10.4
0.423	10.4
0.4338	10.4
0.4472	10.5
0.4597	10.5
0.4704	10.5
0.4838	10.5
0.4955	10.5
0.5099	10.6
0.5233	10.6
0.538	10.6
0.5508	10.6
0.5644	10.6
0.5784	10.7
0.5919	10.7
0.6041	10.7
0.6163	10.7
0.6306	10.7
0.6444	10.8
0.6591	10.8
0.6756	10.8
0.6893	10.8
0.7035	10.8
0.7156	10.9
0.7303	10.9
0.7442	10.9
0.7548	10.9
0.7647	10.9
0.7728	11
0.7813	11
0.7892	11
0.7937	11
0.7994	11
0.804	11.1
0.8083	11.1
0.8125	11.1
0.8152	11.1
0.8176	11.1
0.8211	11.2
0.824	11.2
0.8264	11.2
0.8291	11.2
0.8329	11.2
0.8362	11.3
0.839	11.3
0.8434	11.3
0.8469	11.3
0.85	11.3
0.8531	11.4
0.8565	11.4
0.8603	11.4
0.8639	11.4
0.8671	11.4
0.8703	11.5
0.8736	11.5
0.8768	11.5
0.8801	11.5
0.8838	11.5
0.8876	11.6
0.8905	11.6
0.8935	11.6
0.8962	11.6
0.8986	11.6
0.9016	11.7
0.9049	11.7
0.9073	11.7
0.9093	11.7
0.9112	11.7
0.9125	11.8
0.9147	11.8
0.9158	11.8
0.9176	11.8
0.9183	11.8
0.9195	11.9
0.9205	11.9
0.9216	11.9
0.9228	11.9
0.9242	11.9
0.9256	12
0.9272	12
0.9286	12
0.9305	12
0.9321	12
0.9334	12.1
0.9347	12.1
0.9362	12.1
0.9372	12.1
0.9383	12.1
0.939	12.2
0.9397	12.2
0.9409	12.2
0.942	12.2
0.9431	12.2
0.9436	12.3
0.944	12.3
0.9451	12.3
0.9458	12.3
0.9472	12.3
0.9481	12.4
0.9488	12.4
0.9497	12.4
0.9505	12.4
0.9521	12.4
0.953	12.5
0.954	12.5
0.9547	12.5
0.9554	12.5
0.9563	12.5
0.9571	12.6
0.9579	12.6
0.9591	12.6
0.9596	12.6
0.9606	12.6
0.9613	12.7
0.9618	12.7
0.9627	12.7
0.9631	12.7
0.964	12.7
0.9649	12.8
0.9658	12.8
0.966	12.8
0.9666	12.8
0.9669	12.8
0.9673	12.9
0.9679	12.9
0.968	12.9
0.9687	12.9
0.9693	13
0.9695	13
0.9699	13
0.9704	13
0.9709	13.1
0.9711	13.1
0.9714	13.1
0.9722	13.1
0.9728	13.1
0.973	13.2
0.9732	13.2
0.9733	13.2
0.9735	13.2
0.9737	13.2
0.9742	13.3
0.9749	13.3
0.975	13.3
0.9752	13.3
0.9754	13.3
0.9756	13.4
0.9759	13.4
0.976	13.4
0.9766	13.4
0.9767	13.5
0.9769	13.5
0.977	13.5
0.9772	13.5
0.9775	13.5
0.978	13.6
0.9781	13.7
0.9782	13.7
0.9786	13.7
0.9788	13.7
0.9791	13.7
0.9792	13.8
0.9794	13.8
0.9795	13.8
0.9796	13.8
0.9797	13.9
0.9799	13.9
0.9801	14
0.9804	14
0.9805	14
0.9806	14
0.9808	14
0.9809	14.1
0.9811	14.1
0.9812	14.2
0.9815	14.3
0.9817	14.3
0.9818	14.4
0.9822	14.4
0.9823	14.6
0.9824	14.6
0.9825	14.7
0.9826	15
0.9827	15.2
0.9828	15.4
0.983	15.5
0.9831	15.6
0.9832	15.6
0.9834	15.6
0.9835	15.8
0.9836	15.8
0.9837	15.8
0.9838	15.9
0.9839	15.9
0.984	16
0.9841	16.1
0.9842	16.2
0.9844	16.2
0.9845	16.3
0.9846	16.3
0.9848	16.3
0.9849	16.4
0.985	16.4
0.9851	16.5
0.9852	16.5
0.9854	16.5
0.9856	16.6
0.9858	16.6
0.9859	16.6
0.986	16.7
0.9862	16.7
0.9863	16.8
0.9865	16.9
0.9866	16.9
0.9868	16.9
0.9869	16.9
0.9871	16.9
0.9873	17
0.9874	17
0.9876	17
0.9878	17
0.9879	17
0.988	17.1
0.9881	17.1
0.9882	17.1
0.9884	17.2
0.9885	17.2
0.9886	17.2
0.9887	17.3
0.9888	17.3
0.9889	17.3
0.989	17.4
0.9892	17.4
0.9893	17.5
0.9895	17.5
0.9897	17.6
0.9898	17.6
0.99	17.6
0.9901	17.7
0.9902	17.7
0.9903	17.8
0.9904	17.8
0.9905	17.9
0.9906	18
0.9908	18.1
0.9909	18.1
0.991	18.1
0.9912	18.1
0.9914	18.3
0.9915	18.3
0.9916	18.4
0.9917	18.4
0.9918	18.4
0.9919	18.4
0.9921	18.5
0.9923	18.6
0.9924	18.6
0.9925	18.7
0.9926	19
0.9927	19.3
0.9928	19.5
0.9929	19.5
0.993	19.7
0.9931	19.9
0.9932	19.9
0.9933	19.9
0.9934	20
0.9935	20.5
0.9936	20.9
0.9937	22.2
0.9938	23.7
0.9939	23.8
0.994	24.5
0.9941	26.8
0.9942	29.2
0.9943	30
0.9944	30.4
0.9945	31
0.9946	31.9
0.9947	33.1
0.9948	33.2
0.9949	34.6
0.995	36.5
0.9951	37.7
0.9952	39.1
0.9953	41
0.9954	42.4
0.9955	42.7
0.9956	43
0.9957	43.4
0.9958	44.2
0.9959	44.3
0.996	44.6
0.9961	44.9
0.9962	45.8
0.9963	50.4
0.9964	51
0.9965	51.1
0.9966	51.4
0.9967	52.1
0.9968	52.2
0.9969	54.5
0.997	55.5
0.9971	58.4
0.9972	60.5
0.9973	64.2
0.9974	66.2
0.9975	67.6
0.9976	72.1
0.9977	73.6
0.9978	74.5
0.9979	76.7
0.998	77.1
0.9982	81
0.9983	82
0.9984	82.7
0.9985	84.8
0.9986	85.2
0.9987	85.3
0.9988	86
0.9989	86.7
0.999	87.5
0.9991	89.2
0.9992	89.3
0.9993	91.8
0.9994	93.8
0.9995	96.4
0.9996	96.7
0.9997	97.1
0.9998	97.5
0.9999	100.4
1	102.2

