Probability	Latency
1.00137187947488E-05	7.6
2.00274375894976E-05	7.7
3.00411563842464E-05	7.8
5.0068593973744E-05	7.9
6.00823127684928E-05	7.9
9.01234691527393E-05	7.9
0.0001001372	8
0.0001201646	8
0.0001401921	8
0.0001602195	8
0.0001902607	8
0.0002002744	8.1
0.0002303155	8.1
0.000250343	8.1
0.0002603567	8.2
0.0002703704	8.2
0.0002903978	8.2
0.0003504802	8.2
0.0003604939	8.3
0.0004105625	8.3
0.0004606311	8.3
0.0004906722	8.3
0.0005407408	8.4
0.0005807957	8.4
0.0006709192	8.4
0.0007009603	8.4
0.0007410152	8.4
0.0008211249	8.5
0.0008511661	8.5
0.0008711935	8.5
0.0009312758	8.5
0.0009913582	8.5
0.0011015091	8.6
0.0011716051	8.6
0.0012717423	8.6
0.0014019206	8.6
0.0015521264	8.6
0.0017123459	8.7
0.0019526752	8.7
0.0021329221	8.7
0.0024533611	8.7
0.0027137178	8.7
0.0029440333	8.8
0.0032444449	8.8
0.0035048016	8.8
0.0036850485	8.8
0.0039253778	8.8
0.004095611	8.9
0.0042558305	8.9
0.0043860088	8.9
0.0045161872	8.9
0.0046063106	8.9
0.0047565164	9
0.0049768182	9
0.0052772298	9
0.0057879295	9
0.0064488349	9
0.0070196169	9.1
0.008010975	9.1
0.0089222234	9.1
0.010113856	9.1
0.0111953376	9.1
0.0123469153	9.2
0.0135585752	9.2
0.0143696865	9.2
0.015170784	9.2
0.0158316894	9.2
0.0163223616	9.3
0.0167829927	9.3
0.0171735277	9.3
0.0175440353	9.3
0.0178144057	9.3
0.0179245566	9.4
0.0180246938	9.4
0.018124831	9.4
0.0181748996	9.4
0.0182550094	9.4
0.018305078	9.5
0.0183451328	9.5
0.0184052151	9.5
0.0184552837	9.5
0.0185554209	9.5
0.0185754484	9.6
0.018625517	9.6
0.0187757227	9.6
0.0188358051	9.6
0.0188758599	9.6
0.0190060383	9.7
0.0191262029	9.7
0.0192263401	9.7
0.0193064498	9.7
0.0193765459	9.7
0.0194266145	9.8
0.0194866968	9.8
0.0195167379	9.8
0.0196068614	9.8
0.0196669437	9.8
0.0197069986	9.9
0.0198071358	9.9
0.0199473278	9.9
0.0200374513	9.9
0.020047465	9.9
0.0201175611	10
0.0201476022	10
0.0202477394	10
0.0203278492	10
0.0204079589	10
0.0205381372	10.1
0.0206583019	10.1
0.0207283979	10.1
0.0208085077	10.1
0.0209186586	10.1
0.0209887546	10.2
0.0210688643	10.2
0.0211289467	10.2
0.0212390976	10.2
0.0212991799	10.2
0.0214093308	10.3
0.0214994543	10.3
0.0216196189	10.3
0.0217397835	10.3
0.0217998658	10.3
0.0219200304	10.4
0.0220401951	10.4
0.0222104283	10.4
0.0223406066	10.4
0.0224407438	10.4
0.0225609084	10.5
0.0226910868	10.5
0.0229214023	10.5
0.0230415669	10.5
0.0232418413	10.5
0.023432102	10.6
0.0236223626	10.6
0.0237725684	10.6
0.023892733	10.6
0.0240529525	10.6
0.0241931446	10.7
0.0243133092	10.7
0.0244735287	10.7
0.0245736659	10.7
0.0246938305	10.7
0.0247438991	10.8
0.0248640638	10.8
0.0249441735	10.8
0.0250643381	10.8
0.025174489	10.8
0.0252545988	10.9
0.0252946537	10.9
0.025354736	10.9
0.0254048046	10.9
0.0254849143	10.9
0.0255850515	11
0.0256251064	11
0.0256851887	11
0.0257652985	11
0.0258353945	11
0.0259655728	11.1
0.0260456826	11.1
0.0261558335	11.1
0.0262359432	11.1
0.0263060393	11.1
0.0264061765	11.2
0.0264262039	11.2
0.0265263411	11.2
0.0265764097	11.2
0.026636492	11.2
0.0266765469	11.3
0.0267566566	11.3
0.0268167389	11.3
0.026886835	11.3
0.0269469173	11.3
0.0270069996	11.4
0.0271071368	11.4
0.0271972602	11.4
0.0272473288	11.4
0.0273174249	11.4
0.0274075483	11.5
0.0274576169	11.5
0.0275577541	11.5
0.0276178364	11.5
0.0277179736	11.5
0.0278080971	11.6
0.0278882068	11.6
0.0279983578	11.6
0.0281085087	11.6
0.0282186596	11.6
0.0283187968	11.7
0.0284389614	11.7
0.0285390986	11.7
0.028629222	11.7
0.0287393729	11.7
0.028809469	11.8
0.0289096062	11.8
0.028949661	11.8
0.0289797022	11.8
0.0290197571	11.8
0.0290798394	11.9
0.0291399217	11.9
0.0291599491	11.9
0.0292100177	11.9
0.0292701	11.9
0.0292901275	12
0.0293301823	12
0.0293602235	12
0.0293902647	12
0.029450347	12
0.0295004156	12.1
0.0295104293	12.1
0.0295304567	12.1
0.0295805253	12.1
0.0296205802	12.1
0.0297006899	12.2
0.0297807997	12.2
0.0298308683	12.2
0.0298809369	12.2
0.0299510329	12.2
0.0300011015	12.3
0.0300511701	12.3
0.0300812113	12.3
0.0301012387	12.3
0.0301713347	12.3
0.0302013759	12.4
0.0302214033	12.4
0.0302414308	12.4
0.0302614582	12.4
0.0302714719	12.5
0.0302814856	12.5
0.0302914994	12.5
0.0303015131	12.6
0.0303115268	12.6
0.0303215405	12.6
0.0303315542	12.7
0.0303415679	12.7
0.0303515817	12.7
0.0303615954	12.8
0.0303716091	12.8
0.0303816228	12.9
0.0303916365	12.9
0.0304016503	12.9
0.030411664	13
0.0304216777	13.1
0.0304316914	13.2
0.0304417051	13.2
0.0304517189	13.2
0.0304617326	13.3
0.0304717463	13.3
0.03048176	13.4
0.0305017874	13.4
0.0305318286	13.5
0.030551856	13.5
0.0305618698	13.5
0.0305718835	13.6
0.0305919109	13.8
0.0306019246	13.8
0.0306119384	13.8
0.0306219521	13.8
0.0306319658	13.9
0.0306419795	14
0.0306519932	14.1
0.0306620069	14.2
0.0306820344	14.2
0.0307020618	14.2
0.0307220893	14.3
0.030732103	14.3
0.0307421167	14.4
0.0307521304	14.4
0.0307621441	14.5
0.0307821716	14.5
0.0307921853	14.5
0.0308122127	14.6
0.0308222265	14.7
0.0308422539	14.7
0.0308622813	14.9
0.030872295	14.9
0.0308823088	15
0.0308923225	15
0.0309223636	15
0.0309323774	15.1
0.0309423911	15.1
0.0309524048	15.2
0.0309624185	15.2
0.0309924597	15.2
0.0310124871	15.2
0.0310225008	15.3
0.0310725694	15.3
0.0310925969	15.3
0.0311026106	15.3
0.031122638	15.4
0.0311426655	15.4
0.0311526792	15.5
0.0311626929	15.5
0.0311827203	15.6
0.0312027478	15.6
0.0312127615	15.6
0.0312327889	15.7
0.0312428026	15.7
0.0312628301	15.8
0.0312728438	15.8
0.0312828575	15.8
0.0312928712	15.8
0.031302885	15.9
0.0313128987	16
0.0313229124	16
0.0313329261	16
0.0313429398	16.1
0.0313629673	16.1
0.031372981	16.1
0.0313829947	16.2
0.0313930084	16.2
0.0314030221	16.2
0.0314130359	16.2
0.0314230496	16.3
0.0314330633	16.3
0.0314530907	16.4
0.0314631045	16.4
0.0314731182	16.4
0.0315031593	16.5
0.031513173	16.5
0.0315231868	16.6
0.0315332005	16.6
0.0315432142	16.7
0.0315632416	16.9
0.0315732554	16.9
0.0315832691	16.9
0.0315932828	16.9
0.0316032965	17
0.0316133102	17.1
0.031623324	17.1
0.0316333377	17.1
0.0316533651	17.2
0.0316633788	17.2
0.0316834063	17.3
0.03169342	17.3
0.0317034337	17.4
0.0317134474	17.4
0.0317234611	17.4
0.0317334749	17.4
0.0317434886	17.5
0.0317535023	17.6
0.031763516	17.7
0.0317735297	17.7
0.0317935572	17.7
0.0318035709	17.8
0.0318135846	17.8
0.0318235983	18
0.031833612	18.2
0.0318436258	18.2
0.0318636532	18.3
0.0318736669	18.4
0.0318836806	18.4
0.0318936944	18.5
0.0319037081	18.5
0.0319137218	18.6
0.0319337492	18.7
0.031943763	18.8
0.0319537767	18.8
0.0319637904	18.9
0.0319738041	18.9
0.0319838178	18.9
0.0319938315	19
0.0320038453	19.1
0.032013859	19.1
0.0320238727	19.2
0.0320439001	19.3
0.0320539139	19.5
0.032083955	19.5
0.0320939687	19.5
0.0321039825	19.7
0.0321139962	19.7
0.0321240099	19.8
0.0321340236	19.8
0.0321440373	19.8
0.032154051	20.1
0.0321640648	20.1
0.0321840922	20.1
0.0321941059	20.2
0.0322141334	20.2
0.0322241471	20.3
0.0322441745	20.3
0.0322541882	20.4
0.032264202	20.4
0.0322742157	20.5
0.0322842294	20.5
0.0322942431	20.6
0.0323042568	20.6
0.0323142706	20.7
0.0323242843	20.8
0.032334298	20.9
0.0323443117	20.9
0.0323543254	21
0.0323643391	21.3
0.0323743529	21.3
0.0323943803	21.3
0.032404394	21.4
0.0324144077	21.5
0.0324244215	21.7
0.0324344352	21.7
0.0324444489	21.9
0.0324544626	21.9
0.0324744901	21.9
0.0324845038	22
0.0324945175	22
0.0325045312	22.1
0.0325145449	22.2
0.0325245586	22.4
0.0325345724	22.4
0.0325545998	22.5
0.032584641	22.5
0.0325946547	22.7
0.0326046684	22.7
0.0326146821	22.8
0.0326447233	22.9
0.032654737	22.9
0.0326647507	23
0.0326847781	23
0.0326947919	23
0.0327048056	23.1
0.0327148193	23.1
0.032724833	23.3
0.0327348467	23.3
0.0327448605	23.4
0.0327648879	23.4
0.0327749016	23.5
0.0327849153	23.5
0.0327949291	23.6
0.0328149565	23.6
0.0328249702	23.7
0.0328349839	23.7
0.0328449976	23.7
0.0328750388	23.8
0.0328850525	23.8
0.0328950662	23.8
0.03290508	24
0.0329150937	24
0.0329251074	24.1
0.0329351211	24.2
0.0329451348	24.3
0.0329651623	24.4
0.032975176	24.5
0.0329851897	24.6
0.0329952034	24.7
0.0330052171	24.8
0.0330252446	24.8
0.0330352583	24.9
0.033045272	25.1
0.0330552857	25.1
0.0330753132	25.1
0.0330853269	25.2
0.0330953406	25.4
0.0331053543	25.4
0.0331153681	25.6
0.0331253818	25.6
0.0331353955	25.7
0.0331454092	25.7
0.0331654366	25.8
0.0331854641	25.9
0.0332054915	25.9
0.0332155052	25.9
0.0332355327	25.9
0.0332455464	26
0.0332555601	26
0.0332655738	26
0.0332755876	26.1
0.0332856013	26.1
0.033295615	26.3
0.0333056287	26.4
0.0333156424	26.5
0.0333256561	26.6
0.0333456836	26.6
0.0333556973	26.7
0.033365711	26.8
0.0333857385	26.8
0.0333957522	27
0.0334057659	27
0.0334157796	27.1
0.0334257933	27.2
0.0334558345	27.2
0.0334658482	27.2
0.0334858756	27.3
0.0334958894	27.3
0.0335059031	27.3
0.0335159168	27.4
0.0335259305	27.4
0.0335359442	27.5
0.033545958	27.6
0.0335559717	27.6
0.0335759991	27.7
0.0335860128	27.7
0.0335960266	27.8
0.0336060403	27.9
0.033616054	28.1
0.0336260677	28.1
0.0336360814	28.4
0.0336561089	28.4
0.0336661226	28.5
0.0336761363	28.7
0.03368615	28.8
0.0337061775	29.1
0.0337161912	29.1
0.0337262049	29.2
0.0337362186	29.3
0.0337462323	29.3
0.0337562461	29.3
0.0337662598	29.5
0.0337762735	29.6
0.0337862872	29.6
0.0338063147	29.7
0.0338163284	29.8
0.0338363558	29.8
0.0338463695	30.4
0.0338563832	30.6
0.0338764107	30.9
0.0338864244	31
0.0338964381	31
0.0339064518	31.3
0.0339164656	31.8
0.0339264793	31.8
0.0339465067	31.9
0.0339565204	32
0.0339665342	32
0.0339765479	32.6
0.0339865616	32.8
0.0339965753	33.1
0.034006589	33.2
0.0340166027	33.2
0.0340266165	33.3
0.0340366302	33.6
0.0340466439	33.6
0.0340566576	33.7
0.0340666713	33.7
0.0340766851	33.8
0.0340866988	33.8
0.0340967125	34.3
0.0341167399	34.3
0.0341367674	34.3
0.0341467811	34.5
0.0341567948	34.6
0.0341768222	34.7
0.0341968497	34.9
0.0342068634	34.9
0.0342168771	34.9
0.0342268908	35.3
0.0342469183	35.3
0.034256932	35.3
0.0342669457	35.6
0.0342769594	35.7
0.0342869732	35.8
0.0342969869	35.8
0.0343070006	35.9
0.034327028	36
0.0343370417	36
0.0343470555	36
0.0343570692	36
0.0343670829	36.1
0.0343770966	36.2
0.0343871103	36.4
0.0343971241	36.4
0.0344071378	36.5
0.0344171515	36.5
0.0344271652	36.6
0.0344371789	36.6
0.0344572064	36.7
0.0344672201	36.7
0.0344772338	36.7
0.0345373161	36.7
0.034577371	36.8
0.0346274396	36.8
0.0347776454	36.8
0.0348877963	36.8
0.0350079609	36.8
0.0350780569	36.9
0.0351381393	36.9
0.0351581667	36.9
0.0351882078	36.9
0.0352783313	36.9
0.0352983588	37
0.0353584411	37
0.0353784685	37
0.0354185234	37
0.0354585783	37
0.0354886194	37.1
0.0355286743	37.1
0.035608784	37.1
0.0356488389	37.1
0.0356888938	37.1
0.0357089212	37.2
0.0357389624	37.2
0.035789031	37.2
0.0358691407	37.2
0.0359192093	37.2
0.0360293602	37.3
0.0361995934	37.3
0.0363097443	37.3
0.0364198953	37.3
0.0365801148	37.3
0.0366902657	37.4
0.0367904029	37.4
0.0369606361	37.4
0.0371308693	37.4
0.0374813494	37.4
0.0379019256	37.5
0.0387130369	37.5
0.0396543264	37.5
0.0408760001	37.5
0.0418273034	37.5
0.0429488399	37.6
0.0439401981	37.6
0.0447012407	37.6
0.0452219541	37.6
0.0456925989	37.6
0.0460330653	37.7
0.0464536415	37.7
0.0469343	37.7
0.0473949311	37.7
0.0477754524	37.7
0.0480758639	37.8
0.0484263441	37.8
0.0486867008	37.8
0.0489971261	37.8
0.0493876611	37.8
0.0497281275	37.9
0.0501286763	37.9
0.0505392388	37.9
0.0510799796	37.9
0.0515305969	37.9
0.0521013789	38
0.0526521334	38
0.0531027508	38
0.0536535053	38
0.0540440403	38
0.0545347126	38.1
0.0548952064	38.1
0.0553358101	38.1
0.0556963039	38.1
0.056086839	38.1
0.0562370448	38.2
0.0566275798	38.2
0.0569680462	38.2
0.0572884852	38.2
0.0576690065	38.2
0.0579894455	38.3
0.0583399257	38.3
0.0586403373	38.3
0.0590208586	38.3
0.0594614622	38.3
0.0597318326	38.4
0.060072299	38.4
0.0604027518	38.4
0.0606831359	38.4
0.06096352	38.4
0.0612338904	38.5
0.061464206	38.5
0.0617946587	38.5
0.0620149605	38.5
0.0622753172	38.5
0.0625757287	38.6
0.0629262089	38.6
0.0631164696	38.6
0.0632867028	38.6
0.0635570732	38.6
0.0638274436	38.7
0.0639576219	38.7
0.0641378689	38.7
0.0643181158	38.7
0.064488349	38.7
0.0645784725	38.8
0.064738692	38.8
0.0648788841	38.8
0.0649690075	38.8
0.0650991859	38.8
0.0651893094	38.9
0.0652493917	38.9
0.0653495289	38.9
0.0654696935	38.9
0.0655397895	38.9
0.0656599541	39
0.065770105	39
0.0658502148	39
0.0659603657	39
0.0659904069	39
0.066090544	39.1
0.066200695	39.1
0.0662808047	39.1
0.0663308733	39.1
0.066410983	39.1
0.0664910928	39.2
0.0665511751	39.2
0.06659123	39.2
0.0666913672	39.2
0.0667514495	39.2
0.0668215455	39.3
0.0668916415	39.3
0.0669417101	39.3
0.0670418473	39.3
0.0671419845	39.3
0.0672220943	39.4
0.067232108	39.4
0.0672721629	39.4
0.0673322452	39.4
0.0673622863	39.4
0.0674423961	39.5
0.0675024784	39.5
0.067552547	39.5
0.0676426705	39.5
0.0677027528	39.5
0.0678129037	39.6
0.067872986	39.6
0.0679330683	39.6
0.0679931506	39.6
0.0681033015	39.6
0.0683135896	39.7
0.0684637954	39.7
0.0687141384	39.7
0.0688543304	39.7
0.0690445911	39.7
0.0692048106	39.8
0.069405085	39.8
0.0695152359	39.8
0.0696053593	39.8
0.0697455514	39.8
0.0698256612	39.9
0.0698957572	39.9
0.0699758669	39.9
0.0700860178	39.9
0.0701461002	39.9
0.0702462373	40
0.0703163334	40
0.0703964431	40
0.0704465117	40
0.0705266215	40
0.0706067312	40.1
0.0706467861	40.1
0.070756937	40.1
0.0708871153	40.1
0.0709972663	40.1
0.0711074172	40.2
0.0711875269	40.2
0.0713177053	40.2
0.0714178424	40.2
0.0715279934	40.2
0.0715980894	40.3
0.0716781991	40.3
0.0717382814	40.3
0.0718284049	40.3
0.0718884872	40.3
0.0719986381	40.4
0.0721388302	40.4
0.0722289537	40.4
0.0723491183	40.4
0.0724092006	40.4
0.0724893104	40.5
0.0725594064	40.5
0.0726395161	40.5
0.0727196259	40.5
0.0727797082	40.5
0.0728798454	40.6
0.0729399277	40.6
0.07300001	40.6
0.073070106	40.6
0.0731702432	40.6
0.0732904079	40.7
0.073320449	40.7
0.0733705176	40.7
0.0734506274	40.7
0.0734806685	40.7
0.0735908194	40.8
0.0736509017	40.8
0.0737310115	40.8
0.0738411624	40.8
0.073891231	40.8
0.0740013819	40.9
0.0740614642	40.9
0.0741816288	40.9
0.074281766	40.9
0.0743618758	40.9
0.0744720267	41
0.0745521364	41
0.0746322462	41
0.0747524108	41
0.0748625617	41
0.0748725754	41.1
0.0750127675	41.1
0.0750628361	41.1
0.0751329321	41.1
0.0752330693	41.1
0.0753131791	41.2
0.0753832751	41.2
0.0754533711	41.2
0.075563522	41.2
0.0756336181	41.2
0.0757537827	41.3
0.0758939747	41.3
0.0760541942	41.3
0.0761843726	41.3
0.0763245647	41.3
0.0764647567	41.4
0.0765849213	41.4
0.0767150997	41.4
0.076845278	41.4
0.0769954838	41.4
0.0772157856	41.5
0.0773259365	41.5
0.0776463755	41.5
0.0779367734	41.5
0.0781470615	41.5
0.0783673633	41.6
0.0785876651	41.6
0.0788480218	41.6
0.0790983648	41.6
0.0795289547	41.6
0.0798193525	41.7
0.0803100247	41.7
0.0807406146	41.7
0.0812312869	41.7
0.0817019316	41.7
0.0822626999	41.8
0.0828334819	41.8
0.0834643462	41.8
0.0841052242	41.8
0.0850765549	41.8
0.0861880777	41.9
0.0874097514	41.9
0.0887215485	41.9
0.0902736749	41.9
0.0918157876	41.9
0.0931375985	42
0.0942491213	42
0.0954307401	42
0.0962819062	42
0.0973433604	42
0.0983146911	42.1
0.0993360904	42.1
0.1003875309	42.1
0.1015891772	42.1
0.1026806725	42.1
0.1039424011	42.2
0.1051841022	42.2
0.1065259405	42.2
0.1079478886	42.2
0.1094399327	42.2
0.1112724432	42.3
0.113024844	42.3
0.1152879445	42.3
0.1177012507	42.3
0.1203849274	42.3
0.1232288235	42.4
0.1261127745	42.4
0.129727727	42.4
0.1333526932	42.4
0.1381692919	42.4
0.1440473449	42.5
0.1515976888	42.5
0.1613210098	42.5
0.1733474861	42.5
0.1869661436	42.5
0.2020968727	42.6
0.217257643	42.6
0.2318075764	42.6
0.2455764397	42.6
0.257673012	42.6
0.2688483222	42.7
0.279432823	42.7
0.2893764457	42.7
0.2994702743	42.7
0.3102450357	42.7
0.320989756	42.8
0.3322451759	42.8
0.3434605409	42.8
0.354996345	42.8
0.3659813945	42.8
0.3759650721	42.9
0.3865395592	42.9
0.3972942932	42.9
0.4077185744	42.9
0.4187637063	42.9
0.4299290027	43
0.4420856574	43
0.4537015712	43
0.4671499955	43
0.4807486256	43
0.4939867619	43.1
0.5064638555	43.1
0.5175991108	43.1
0.5289746953	43.1
0.5399297037	43.1
0.5502838889	43.2
0.559897059	43.2
0.5700910247	43.2
0.5803250453	43.2
0.5901585172	43.2
0.599991989	43.3
0.6094950082	43.3
0.6191081782	43.3
0.6287213482	43.3
0.6371929543	43.3
0.6465958363	43.4
0.6556582518	43.4
0.6646205301	43.4
0.6733524929	43.4
0.6817840441	43.4
0.6904959795	43.5
0.6988674484	43.5
0.7071387801	43.5
0.7153199884	43.5
0.7231907714	43.5
0.7306209507	43.6
0.7381913221	43.6
0.745461282	43.6
0.7523507205	43.6
0.7593903648	43.6
0.7659894055	43.7
0.7724482541	43.7
0.7787568969	43.7
0.7847350871	43.7
0.7901324815	43.7
0.7955699308	43.8
0.8008571743	43.8
0.806424802	43.8
0.8116319358	43.8
0.8164885894	43.8
0.8212250784	43.9
0.8255510049	43.9
0.8299370137	43.9
0.8340426384	43.9
0.8384186335	43.9
0.8420936683	44
0.8457987443	44
0.8493736419	44
0.8523577301	44
0.8557523808	44
0.8586363318	44.1
0.8619909276	44.1
0.8648748786	44.1
0.867318226	44.1
0.8696914773	44.1
0.8724953186	44.2
0.8753892833	44.2
0.8777324935	44.2
0.8799254979	44.2
0.8822486807	44.2
0.8841512873	44.3
0.8864143877	44.3
0.8883370217	44.3
0.8901394911	44.3
0.8918818782	44.3
0.8936042378	44.4
0.8951663779	44.4
0.8964982025	44.4
0.8980803701	44.4
0.8995423731	44.4
0.900754033	44.5
0.9020257753	44.5
0.9034777645	44.5
0.9049597949	44.5
0.9063316744	44.5
0.907733595	44.6
0.9089652824	44.6
0.9102069836	44.6
0.9114887396	44.6
0.9124800977	44.6
0.9134614422	44.7
0.9145128826	44.7
0.9154241311	44.7
0.9161451188	44.7
0.9171164495	44.7
0.9178174099	44.8
0.9185283839	44.8
0.9191492345	44.8
0.9198702222	44.8
0.9206913471	44.8
0.9212721428	44.9
0.921692719	44.9
0.9222935422	44.9
0.9229544476	44.9
0.9235052021	44.9
0.9239558195	45
0.9245466289	45
0.9249371639	45
0.9254578773	45
0.9260587004	45
0.9265493726	45.1
0.926929894	45.1
0.927390525	45.1
0.9277209777	45.1
0.9280514305	45.1
0.9284319518	45.2
0.9287924457	45.2
0.9291228984	45.2
0.9293732413	45.2
0.929563502	45.2
0.9297838038	45.3
0.9299340096	45.3
0.9300842154	45.3
0.9302444349	45.3
0.9304847641	45.3
0.9306249562	45.4
0.9308552717	45.4
0.9310255049	45.4
0.931165697	45.4
0.9312758479	45.4
0.9313559577	45.5
0.9315261909	45.5
0.9316663829	45.5
0.9317965613	45.5
0.9319167259	45.5
0.9320368905	45.6
0.9321470414	45.6
0.9322571924	45.6
0.9324174119	45.6
0.9325475902	45.6
0.9326176862	45.7
0.9327378509	45.7
0.9327779057	45.7
0.9328880566	45.7
0.933018235	45.7
0.9331283859	45.8
0.9331784545	45.8
0.9332585642	45.8
0.9332785917	45.8
0.9333486877	45.8
0.9334488249	45.9
0.9335189209	45.9
0.9335589758	45.9
0.9336691267	45.9
0.933729209	45.9
0.9338393599	46
0.933909456	46
0.933979552	46
0.9340796892	46
0.9341998538	46
0.9342799636	46.1
0.9343600733	46.1
0.9344501968	46.1
0.9345303065	46.1
0.9345903888	46.1
0.9346404574	46.2
0.9346805123	46.2
0.9347205672	46.2
0.9347706358	46.2
0.9348207044	46.2
0.9348507455	46.3
0.9349208416	46.3
0.9349709101	46.3
0.9350410062	46.3
0.9350810611	46.3
0.9351711845	46.4
0.9352312668	46.4
0.9352713217	46.4
0.9353213903	46.4
0.9353414177	46.4
0.9353914863	46.5
0.9354515686	46.5
0.9355016372	46.5
0.9355216647	46.5
0.9356218019	46.5
0.9356818842	46.6
0.9357519802	46.6
0.9357720077	46.6
0.9358220762	46.6
0.9358821586	46.6
0.9359322272	46.7
0.9359422409	46.7
0.9359622683	46.7
0.9360423781	46.7
0.9361024604	46.7
0.9361825701	46.8
0.9362326387	46.8
0.9362726936	46.8
0.9363828445	46.8
0.9364128857	46.8
0.9364329131	46.9
0.9364629542	46.9
0.936472968	46.9
0.9365330503	46.9
0.9365731052	46.9
0.9366732423	47
0.9367032835	47
0.9367132972	47
0.9367533521	47
0.9368034207	47.1
0.9368334618	47.1
0.936863503	47.1
0.9369035579	47.1
0.9369536265	47.1
0.9369936813	47.2
0.9370437499	47.2
0.9370537637	47.2
0.9370938185	47.2
0.937113846	47.2
0.9371438871	47.3
0.9371939557	47.3
0.9372340106	47.3
0.9372840792	47.3
0.9373141203	47.3
0.9373541752	47.4
0.9374042438	47.4
0.9374442987	47.4
0.9374743398	47.4
0.9375344222	47.4
0.937574477	47.5
0.9376445731	47.5
0.9377146691	47.5
0.9377346965	47.5
0.9377647377	47.5
0.93782482	47.6
0.9378648749	47.6
0.9379349709	47.6
0.9379850395	47.6
0.9380651493	47.6
0.9381652864	47.7
0.9381953276	47.7
0.9383054785	47.7
0.9383755745	47.7
0.938395602	47.7
0.9384857254	47.8
0.9385558215	47.8
0.9386058901	47.8
0.938716041	47.8
0.9387661096	47.8
0.9388061644	47.9
0.9388261919	47.9
0.9388662468	47.9
0.9389363428	47.9
0.9389964251	47.9
0.93903648	48
0.9390965623	48
0.9391666583	48
0.9392367544	48
0.9392467681	48
0.9392968367	48.1
0.9393368915	48.1
0.9393869601	48.1
0.9394570562	48.1
0.9395371659	48.1
0.9395772208	48.2
0.9396373031	48.2
0.939677358	48.2
0.9397274266	48.2
0.9397875089	48.2
0.9398375775	48.3
0.9398876461	48.3
0.9399176872	48.3
0.9399777695	48.3
0.9400378519	48.3
0.9400578793	48.4
0.9401079479	48.4
0.9401480028	48.4
0.9401880576	48.4
0.9402281125	48.4
0.9402781811	48.5
0.9403683046	48.5
0.9404083595	48.5
0.9404484143	48.5
0.9404984829	48.6
0.9405285241	48.6
0.9405785927	48.6
0.9406086338	48.6
0.9406286613	48.7
0.9406587024	48.7
0.9407187847	48.7
0.9407688533	48.7
0.9407888808	48.7
0.9408289356	48.8
0.9408689905	48.8
0.9409190591	48.8
0.940959114	48.8
0.9409991689	48.8
0.9410392237	48.9
0.9410792786	48.9
0.941099306	48.9
0.9411193335	49
0.9411393609	49
0.9411694021	49
0.9411994432	49
0.9412194707	49.1
0.9412394981	49.1
0.9412595256	49.1
0.9413196079	49.1
0.941349649	49.2
0.9413696765	49.2
0.9413897039	49.2
0.9414397725	49.2
0.9414497862	49.2
0.9414698136	49.3
0.9415098685	49.3
0.9415399097	49.3
0.9415799646	49.3
0.941599992	49.4
0.9416400469	49.4
0.941670088	49.4
0.9417101429	49.4
0.9417301703	49.5
0.9417602115	49.5
0.9417802389	49.5
0.9418102801	49.5
0.9418703624	49.5
0.941920431	49.6
0.9420105545	49.6
0.9420405956	49.6
0.9421006779	49.6
0.9422008151	49.6
0.9422608974	49.7
0.9423309935	49.7
0.9423810621	49.7
0.9424010895	49.7
0.9424611718	49.8
0.9425012267	49.8
0.9426013639	49.8
0.9426814736	49.8
0.9427816108	49.8
0.9428617206	49.9
0.942881748	49.9
0.9429718715	49.9
0.9430219401	49.9
0.9431220772	49.9
0.9431921733	50
0.9432822967	50
0.9433724202	50
0.9434425162	50
0.9435025986	50
0.9435827083	50.1
0.9436327769	50.1
0.9438030101	50.1
0.9438931336	50.1
0.9439832571	50.1
0.9440233119	50.2
0.944093408	50.2
0.9442135726	50.2
0.9443237235	50.2
0.9444038333	50.2
0.9444438881	50.3
0.9445440253	50.3
0.9446341488	50.3
0.944734286	50.3
0.9447843546	50.3
0.9448444369	50.4
0.944874478	50.4
0.9449746152	50.4
0.9450847661	50.4
0.9451849033	50.4
0.9452650131	50.5
0.9453451228	50.5
0.9454152188	50.5
0.94544526	50.5
0.9455453972	50.5
0.9456355207	50.6
0.9457156304	50.6
0.9457957402	50.6
0.9458758499	50.6
0.9459459459	50.6
0.946016042	50.7
0.9461061654	50.7
0.9461362066	50.7
0.9461962889	50.7
0.9462463575	50.7
0.9463164535	50.8
0.9463965633	50.8
0.9465067142	50.8
0.9465567828	50.8
0.9466268788	50.8
0.9466769474	50.9
0.9467170023	50.9
0.9467870983	50.9
0.9468171395	50.9
0.9468571944	50.9
0.9468972492	51
0.9469573315	51
0.9470074001	51
0.9470574687	51
0.9470774962	51
0.947117551	51.1
0.9471275648	51.1
0.9471776334	51.1
0.9472477294	51.1
0.947297798	51.1
0.9473178254	51.2
0.9473578803	51.2
0.9474079489	51.2
0.94743799	51.2
0.9474480038	51.2
0.9474580175	51.3
0.9474680312	51.3
0.9474880586	51.3
0.9474980724	51.3
0.9475180998	51.3
0.9475581547	51.4
0.9475781821	51.4
0.947618237	51.4
0.9476282507	51.4
0.9476482781	51.5
0.9476683056	51.5
0.9476783193	51.5
0.9476983467	51.5
0.9477183742	51.6
0.9477384016	51.6
0.9477484153	51.6
0.9477884702	51.6
0.9477984839	51.6
0.9478285251	51.7
0.9478585662	51.7
0.94786858	51.7
0.9478785937	51.7
0.9478886074	51.8
0.9479086348	51.8
0.9479186485	51.8
0.947938676	51.8
0.9479486897	51.8
0.9479687171	51.9
0.948008772	51.9
0.9480488269	51.9
0.9480588406	51.9
0.9480688543	51.9
0.9480888818	52
0.9481189229	52
0.9481289366	52
0.9481790052	52
0.9482190601	52.1
0.9482390875	52.1
0.9482791424	52.1
0.9482991699	52.1
0.9483091836	52.1
0.948329211	52.2
0.9483492385	52.2
0.9483892933	52.2
0.9483993071	52.2
0.9484393619	52.3
0.9484493756	52.3
0.9484694031	52.3
0.9484794168	52.3
0.948509458	52.3
0.9485294854	52.4
0.9485495128	52.4
0.948579554	52.4
0.9485895677	52.4
0.94864965	52.4
0.9486696775	52.5
0.9487097323	52.5
0.9487197461	52.5
0.9487497872	52.5
0.9487598009	52.5
0.9487798284	52.6
0.9487898421	52.6
0.9488198832	52.6
0.948829897	52.6
0.9488399107	52.6
0.9488699518	52.7
0.9488899793	52.7
0.9489200204	52.7
0.9489400479	52.7
0.9489600753	52.7
0.948970089	52.8
0.9489801027	52.8
0.9490001302	52.8
0.9490201576	52.8
0.9490501988	52.8
0.9490702262	52.9
0.9491002674	52.9
0.9491202948	52.9
0.9491303085	53
0.9491403222	53
0.9491703634	53.1
0.9492304457	53.1
0.9492404594	53.1
0.9492604869	53.1
0.9492805143	53.2
0.9493005417	53.2
0.9493105555	53.2
0.9493305829	53.3
0.9493506103	53.4
0.9493706378	53.4
0.9493806515	53.4
0.9493906652	53.5
0.9494006789	53.5
0.9494407338	53.5
0.9494607612	53.5
0.9494908024	53.6
0.9495108298	53.6
0.9495208436	53.6
0.9495308573	53.6
0.949540871	53.7
0.9495608984	53.7
0.9495709121	53.7
0.9495809259	53.8
0.9495909396	53.8
0.949610967	53.8
0.9496209807	53.9
0.9496309945	54
0.9496410082	54
0.9496610356	54.1
0.9496710493	54.1
0.9496810631	54.2
0.9496910768	54.2
0.9497111042	54.2
0.9497211179	54.2
0.9497411454	54.3
0.949791214	54.3
0.9498112414	54.4
0.9498312688	54.4
0.9498512963	54.4
0.94986131	54.4
0.9499013649	54.5
0.9499113786	54.5
0.9499213923	54.5
0.9499414197	54.6
0.9499814746	54.6
0.9500015021	54.6
0.9500215295	54.6
0.9500315432	54.6
0.9500515707	54.7
0.9500615844	54.7
0.9500715981	54.7
0.9500816118	54.7
0.9501416941	54.8
0.9501517078	54.8
0.9502117902	54.8
0.950251845	54.8
0.9502718725	54.8
0.9502818862	54.9
0.9503019136	54.9
0.9503119273	54.9
0.9503619959	54.9
0.9504120645	54.9
0.9504621331	55
0.9505222154	55
0.9505622703	55
0.9505923115	55
0.9506123389	55
0.9506323663	55.1
0.9506724212	55.1
0.9506924487	55.1
0.9507325035	55.1
0.950752531	55.1
0.9507825721	55.2
0.9508025996	55.2
0.9508426544	55.2
0.9508626819	55.2
0.9508827093	55.2
0.9509027367	55.3
0.9509528053	55.3
0.9509728328	55.3
0.9509928602	55.3
0.9510229014	55.3
0.9510329151	55.4
0.9510429288	55.4
0.9510529425	55.4
0.9511030111	55.4
0.9511330523	55.4
0.951143066	55.5
0.9511731072	55.5
0.9511831209	55.5
0.951213162	55.6
0.9512432032	55.6
0.9512632306	55.6
0.9512732443	55.6
0.9513032855	55.6
0.9513433404	55.7
0.9513533541	55.7
0.9513833953	55.7
0.9514034227	55.7
0.9514134364	55.8
0.9514334638	55.8
0.951463505	55.8
0.9514935462	55.9
0.9515035599	55.9
0.9515235873	56
0.9515536285	56
0.9515736559	56
0.9515936833	56.1
0.9516237245	56.1
0.9516437519	56.1
0.9516637794	56.2
0.9516838068	56.3
0.9516938205	56.3
0.9517038343	56.4
0.951713848	56.4
0.9517338754	56.4
0.9517539028	56.4
0.9517639166	56.5
0.951783944	56.6
0.9518039714	56.6
0.9518139852	56.6
0.9518239989	56.6
0.9518340126	56.7
0.9518440263	56.7
0.95185404	56.7
0.9518640538	56.7
0.9518740675	56.8
0.9519041086	56.8
0.9519241361	56.9
0.9519341498	56.9
0.9519641909	56.9
0.9519742047	56.9
0.9519942321	57
0.9520042458	57
0.9520242733	57
0.952034287	57.1
0.9520443007	57.1
0.9520543144	57.2
0.9520943693	57.3
0.952104383	57.3
0.9521143967	57.3
0.9521244104	57.3
0.9521344242	57.4
0.9521444379	57.4
0.9521644653	57.4
0.952174479	57.4
0.9521945065	57.5
0.9522245476	57.5
0.9522345613	57.5
0.9522646025	57.6
0.9522946437	57.6
0.9523146711	57.7
0.9523346985	57.7
0.9523447123	57.7
0.952354726	57.8
0.9523647397	57.8
0.9523747534	57.8
0.9523947808	57.8
0.9524047946	57.9
0.9524148083	58
0.952424822	58
0.9524348357	58.1
0.9524548632	58.1
0.9524648769	58.1
0.9524748906	58.2
0.952494918	58.2
0.9525049318	58.2
0.9525149455	58.2
0.9525249592	58.3
0.9525349729	58.3
0.9525449866	58.4
0.9525550004	58.4
0.9525650141	58.5
0.9525750278	58.5
0.9525850415	58.5
0.9525950552	58.5
0.9526150827	58.6
0.9526250964	58.6
0.9526351101	58.6
0.9526551375	58.6
0.952675165	58.7
0.9526951924	58.7
0.9527052061	58.7
0.9527252336	58.7
0.952745261	58.7
0.9527552747	58.8
0.9527753022	58.8
0.9528253708	58.8
0.9528453982	58.8
0.9528754394	58.8
0.9529355217	58.9
0.9529755765	58.9
0.9530356589	58.9
0.9531257823	58.9
0.9532058921	58.9
0.953316043	59
0.9534962899	59
0.9535563722	59
0.9537366192	59
0.9539769484	59
0.9541571954	59.1
0.9543674835	59.1
0.9546278401	59.1
0.9548381282	59.1
0.9550484163	59.1
0.955308773	59.2
0.9555491023	59.2
0.9557694041	59.2
0.9560898431	59.2
0.9563902546	59.2
0.9566506113	59.3
0.9570211189	59.3
0.9573015031	59.3
0.9576119283	59.3
0.9578622713	59.3
0.9582728338	59.4
0.9585932728	59.4
0.9589337392	59.4
0.9593843566	59.4
0.9598149465	59.4
0.9601854541	59.5
0.9607261949	59.5
0.9612869631	59.5
0.9619578823	59.5
0.9624785957	59.5
0.9630293502	59.6
0.9635901185	59.6
0.9643111062	59.6
0.9651422449	59.6
0.9659333287	59.6
0.9665641929	59.7
0.9672250984	59.7
0.9679360724	59.7
0.9686170053	59.7
0.969267897	59.7
0.9699888848	59.8
0.9706397765	59.8
0.9714008191	59.8
0.9721318206	59.8
0.9729229044	59.8
0.9735838098	59.9
0.9742046604	59.9
0.9747654286	59.9
0.9752060323	59.9
0.9757367594	59.9
0.976177363	60
0.9766780489	60
0.9772488309	60
0.9775792836	60
0.9781600793	60
0.9788309985	60.1
0.9793216707	60.1
0.9798824389	60.1
0.9803130288	60.1
0.980663509	60.1
0.9812543184	60.2
0.9818050729	60.2
0.982265704	60.2
0.9829266095	60.2
0.9834272954	60.2
0.9839480088	60.3
0.9844987633	60.3
0.9848993121	60.3
0.9851696825	60.3
0.9856603547	60.3
0.9860108348	60.4
0.9865115208	60.4
0.987002193	60.4
0.9873626869	60.4
0.9877331945	60.4
0.9881037021	60.5
0.9883940999	60.5
0.9887145389	60.5
0.989105074	60.5
0.9894455404	60.5
0.9898260617	60.6
0.9901264733	60.6
0.9904268848	60.6
0.9907272964	60.6
0.9909375845	60.6
0.9912179686	60.7
0.9914683116	60.7
0.991738682	60.7
0.9920891622	60.7
0.9923294914	60.7
0.9925397795	60.8
0.9928201636	60.8
0.993020438	60.8
0.9932207124	60.8
0.9934310005	60.8
0.9935812063	60.9
0.9937414258	60.9
0.9938716041	60.9
0.9940618648	60.9
0.9942220843	60.9
0.9943622763	61
0.9945725644	61
0.9947227702	61
0.9948429348	61
0.9950632366	61
0.9952134424	61.1
0.995333607	61.1
0.9954037031	61.1
0.9955038403	61.1
0.9956640598	61.1
0.9957742107	61.2
0.9959144027	61.2
0.9960045262	61.2
0.996084636	61.2
0.9961747594	61.2
0.9962348417	61.3
0.9963249652	61.3
0.9964150887	61.3
0.9964951984	61.3
0.9965753082	61.3
0.9966053493	61.4
0.996725514	61.4
0.9968056237	61.4
0.9969558295	61.4
0.9970359392	61.4
0.997116049	61.5
0.9971561039	61.5
0.9971961587	61.5
0.9973163234	61.5
0.9974164606	61.5
0.9974565154	61.6
0.9974865566	61.6
0.9975165977	61.6
0.9975466389	61.6
0.9975766801	61.6
0.9976267486	61.7
0.9976668035	61.7
0.9977368996	61.7
0.9977669407	61.7
0.9978170093	61.7
0.9978370367	61.8
0.9978770916	61.8
0.9978971191	61.8
0.9979371739	61.8
0.9979672151	61.8
0.9979872425	61.9
0.99800727	61.9
0.9980272974	61.9
0.9980473248	61.9
0.9980873797	61.9
0.9981074071	62
0.9981174209	62
0.9981274346	62
0.998147462	62
0.9981574757	62
0.9981674895	62.1
0.9981875169	62.1
0.9982175581	62.1
0.9982475992	62.2
0.9982576129	62.2
0.9982676266	62.2
0.9982776404	62.2
0.9982876541	62.3
0.9983076815	62.3
0.998327709	62.3
0.9983477364	62.3
0.9983577501	62.4
0.9983677638	62.4
0.9983777776	62.5
0.998397805	62.5
0.9984078187	62.5
0.9984178324	62.6
0.9984278461	62.6
0.9984478736	62.7
0.998467901	62.7
0.9984779147	62.8
0.9984879285	62.8
0.9985079559	62.9
0.9985179696	62.9
0.9985279833	63
0.9985379971	63
0.9985480108	63.1
0.9985580245	63.2
0.9985780519	63.4
0.9985880656	63.4
0.9985980794	63.4
0.9986080931	63.5
0.9986181068	63.5
0.9986281205	63.6
0.9986381342	63.7
0.998648148	64.1
0.9986581617	64.2
0.9986681754	64.2
0.9986982166	64.2
0.9987082303	64.3
0.998718244	64.3
0.9987282577	64.4
0.9987382714	64.5
0.9987482852	64.6
0.9987582989	64.7
0.9987683126	64.8
0.9987783263	64.8
0.99878834	64.8
0.9987983537	64.9
0.9988083675	65
0.9988183812	65.1
0.9988283949	65.1
0.9988384086	65.3
0.9988484223	65.3
0.9988684498	65.4
0.9988884772	65.4
0.9988984909	65.4
0.9989185184	65.6
0.9989285321	65.6
0.9989385458	65.6
0.9989485595	65.7
0.9989585732	65.8
0.998968587	65.9
0.9989886144	65.9
0.9990186556	66
0.9990286693	66
0.999038683	66.1
0.9990486967	66.1
0.9990587104	66.2
0.9990687242	66.2
0.9990787379	66.3
0.9990887516	66.3
0.999108779	66.3
0.9991187927	66.4
0.9991288065	66.4
0.9991388202	66.5
0.9991488339	66.6
0.9991588476	66.6
0.9991688613	66.6
0.9991788751	66.7
0.9991989025	66.7
0.9992089162	66.8
0.9992289437	66.8
0.9992389574	66.8
0.9992489711	66.9
0.9992589848	66.9
0.9992689985	66.9
0.999289026	67
0.9992990397	67
0.9993090534	67
0.9993190671	67
0.9993290808	67.1
0.9993390946	67.1
0.9993491083	67.2
0.999359122	67.2
0.9993691357	67.3
0.9993791494	67.4
0.9993891632	67.4
0.9993991769	67.5
0.9994091906	67.5
0.9994192043	67.5
0.999429218	67.7
0.9994392317	67.7
0.9994492455	67.7
0.9994592592	67.9
0.9994692729	68
0.9994792866	68.2
0.9994993141	68.2
0.9995093278	68.3
0.9995193415	68.3
0.9995293552	68.5
0.9995493827	68.6
0.9995593964	68.6
0.9995794238	68.6
0.9995894375	69.1
0.9995994512	69.1
0.999609465	69.2
0.9996194787	69.3
0.9996294924	69.3
0.9996395061	69.4
0.9996495198	69.4
0.9996595336	69.5
0.9996695473	69.7
0.999679561	70.3
0.9996895747	71.1
0.9996995884	71.2
0.9997096022	71.3
0.9997196159	71.3
0.9997296296	71.3
0.9997396433	71.3
0.999749657	71.4
0.9997596707	71.4
0.9997696845	71.5
0.9997997256	71.5
0.9998097393	71.6
0.9998197531	71.6
0.9998297668	71.7
0.9998397805	71.7
0.9998497942	71.8
0.9998598079	72.1
0.9998698217	72.1
0.9998798354	72.2
0.9998998628	72.3
0.9999098765	72.3
0.9999198902	72.4
0.999929904	73.7
0.9999399177	74.5
0.9999499314	74.8
0.9999599451	75
0.9999699588	75.1
0.9999799726	75.5
0.9999899863	77.1
1	77.9

