Probability	Latency
0.0001001001	4.4
0.0003003003	4.5
0.0004004004	4.5
0.0006006006	4.5
0.001001001	4.5
0.0017017017	4.6
0.0025025025	4.6
0.0033033033	4.6
0.0044044044	4.6
0.0053053053	4.6
0.0064064064	4.7
0.0081081081	4.7
0.0093093093	4.7
0.0112112112	4.7
0.0124124124	4.7
0.0135135135	4.8
0.0155155155	4.8
0.0175175175	4.8
0.0191191191	4.8
0.0209209209	4.8
0.022022022	4.9
0.023023023	4.9
0.0242242242	4.9
0.0256256256	4.9
0.0273273273	4.9
0.0288288288	5
0.0306306306	5
0.0328328328	5
0.0349349349	5
0.0363363363	5
0.0374374374	5.1
0.04004004	5.1
0.0415415415	5.1
0.0427427427	5.1
0.0444444444	5.1
0.0462462462	5.2
0.0476476476	5.2
0.0495495495	5.2
0.0504504505	5.2
0.0521521522	5.2
0.053953954	5.3
0.0547547548	5.3
0.0562562563	5.3
0.0575575576	5.3
0.0587587588	5.3
0.0601601602	5.4
0.0612612613	5.4
0.0630630631	5.4
0.0645645646	5.4
0.0672672673	5.4
0.0697697698	5.5
0.0721721722	5.5
0.0764764765	5.5
0.0840840841	5.5
0.0952952953	5.5
0.1081081081	5.6
0.1221221221	5.6
0.1374374374	5.6
0.1522522523	5.6
0.1713713714	5.6
0.1917917918	5.7
0.2113113113	5.7
0.2376376376	5.7
0.268968969	5.7
0.303003003	5.7
0.3507507508	5.8
0.4062062062	5.8
0.4638638639	5.8
0.5292292292	5.8
0.5965965966	5.8
0.6640640641	5.9
0.727027027	5.9
0.7814814815	5.9
0.8242242242	5.9
0.8581581582	5.9
0.8782782783	6
0.8926926927	6
0.9005005005	6
0.9057057057	6
0.9095095095	6
0.9111111111	6.1
0.9127127127	6.1
0.9133133133	6.1
0.9138138138	6.1
0.9139139139	6.1
0.9146146146	6.2
0.9149149149	6.2
0.9153153153	6.2
0.9157157157	6.2
0.9162162162	6.2
0.9164164164	6.3
0.9167167167	6.3
0.9169169169	6.3
0.9173173173	6.3
0.918018018	6.3
0.9184184184	6.4
0.9185185185	6.4
0.9188188188	6.4
0.919019019	6.4
0.9195195195	6.4
0.92002002	6.5
0.9201201201	6.5
0.9202202202	6.5
0.9208208208	6.5
0.9213213213	6.5
0.9216216216	6.6
0.9222222222	6.6
0.9225225225	6.6
0.923023023	6.6
0.9232232232	6.6
0.9237237237	6.7
0.9242242242	6.7
0.9245245245	6.7
0.9247247247	6.7
0.925025025	6.7
0.9252252252	6.8
0.9257257257	6.8
0.926026026	6.8
0.9266266266	6.8
0.9267267267	6.8
0.9268268268	6.9
0.9271271271	6.9
0.9273273273	6.9
0.9278278278	6.9
0.9279279279	6.9
0.928028028	7
0.9281281281	7
0.9286286286	7
0.9288288288	7
0.9293293293	7
0.9296296296	7.1
0.9297297297	7.1
0.9302302302	7.1
0.9309309309	7.1
0.9316316316	7.1
0.9327327327	7.2
0.9333333333	7.2
0.9341341341	7.2
0.9349349349	7.2
0.9354354354	7.2
0.9361361361	7.3
0.9369369369	7.3
0.9371371371	7.3
0.9376376376	7.3
0.938038038	7.3
0.9387387387	7.4
0.9396396396	7.4
0.9406406406	7.4
0.9417417417	7.4
0.943043043	7.4
0.9441441441	7.5
0.9456456456	7.5
0.9465465465	7.5
0.9479479479	7.5
0.9503503504	7.5
0.9523523524	7.6
0.952952953	7.6
0.9547547548	7.6
0.955955956	7.6
0.9571571572	7.6
0.9585585586	7.7
0.9595595596	7.7
0.9607607608	7.7
0.9616616617	7.7
0.9621621622	7.7
0.9627627628	7.8
0.9633633634	7.8
0.963963964	7.8
0.9644644645	7.8
0.9646646647	7.8
0.964964965	7.9
0.9650650651	7.9
0.9653653654	7.9
0.9654654655	7.9
0.9655655656	8
0.9657657658	8
0.9658658659	8.1
0.965965966	8.1
0.9660660661	8.1
0.9661661662	8.2
0.9664664665	8.2
0.9665665666	8.3
0.9666666667	8.3
0.9668668669	8.3
0.966966967	8.4
0.9670670671	8.4
0.9671671672	8.4
0.9672672673	8.5
0.9673673674	8.5
0.9674674675	8.6
0.9675675676	8.7
0.9676676677	8.7
0.9677677678	8.7
0.967967968	8.7
0.9680680681	8.7
0.9681681682	8.8
0.9683683684	8.8
0.9685685686	8.8
0.9686686687	8.9
0.9687687688	9
0.9688688689	9
0.968968969	9.1
0.9690690691	9.1
0.9691691692	9.1
0.9693693694	9.1
0.9694694695	9.2
0.9696696697	9.2
0.9697697698	9.2
0.96996997	9.2
0.9701701702	9.3
0.9702702703	9.3
0.9704704705	9.3
0.9705705706	9.4
0.9706706707	9.4
0.9708708709	9.4
0.9710710711	9.5
0.9711711712	9.5
0.9712712713	9.6
0.9713713714	9.6
0.9714714715	9.6
0.9717717718	9.7
0.9718718719	9.8
0.9721721722	9.9
0.9722722723	10
0.9723723724	10.1
0.9724724725	10.2
0.9725725726	10.2
0.9727727728	10.2
0.9728728729	10.3
0.972972973	10.5
0.9730730731	10.5
0.9731731732	10.6
0.9732732733	10.7
0.9733733734	10.8
0.9734734735	10.8
0.9735735736	10.8
0.9736736737	10.8
0.9738738739	10.9
0.973973974	10.9
0.9741741742	11
0.9742742743	11
0.9743743744	11
0.9744744745	11.1
0.9746746747	11.1
0.9747747748	11.2
0.9748748749	11.3
0.974974975	11.4
0.9750750751	11.4
0.9751751752	11.5
0.9752752753	11.5
0.9753753754	11.5
0.9755755756	11.6
0.9757757758	11.6
0.9758758759	11.8
0.975975976	11.9
0.9760760761	11.9
0.9761761762	11.9
0.9762762763	12
0.9763763764	12
0.9764764765	12.1
0.9765765766	12.1
0.9766766767	12.2
0.9767767768	12.2
0.9768768769	12.2
0.976976977	12.3
0.9771771772	12.3
0.9774774775	12.4
0.9777777778	12.4
0.9778778779	12.5
0.977977978	12.5
0.9780780781	12.6
0.9781781782	12.6
0.9782782783	12.7
0.9783783784	12.7
0.9784784785	12.7
0.9785785786	12.8
0.9786786787	12.9
0.9787787788	13
0.9788788789	13
0.978978979	13
0.9790790791	13.1
0.9791791792	13.2
0.9792792793	13.2
0.9793793794	13.4
0.9795795796	13.5
0.9796796797	13.6
0.9797797798	13.6
0.9798798799	13.7
0.9800800801	13.7
0.9801801802	13.8
0.9802802803	13.9
0.9803803804	14
0.9804804805	14.1
0.9805805806	14.2
0.9806806807	14.2
0.9807807808	14.4
0.9808808809	14.5
0.980980981	14.6
0.9810810811	14.6
0.9812812813	14.6
0.9813813814	14.6
0.9814814815	14.7
0.9815815816	14.8
0.9816816817	14.8
0.9818818819	14.8
0.981981982	14.9
0.9821821822	14.9
0.9822822823	15
0.9823823824	15
0.9824824825	15.1
0.9825825826	15.2
0.9826826827	15.2
0.9827827828	15.3
0.9828828829	15.5
0.982982983	15.6
0.9830830831	15.6
0.9832832833	15.7
0.9833833834	15.8
0.9834834835	15.8
0.9835835836	15.8
0.9837837838	15.9
0.9838838839	15.9
0.983983984	16
0.9840840841	16
0.9841841842	16.1
0.9842842843	16.2
0.9843843844	16.2
0.9844844845	16.3
0.9846846847	16.4
0.9847847848	16.4
0.9848848849	16.4
0.984984985	16.5
0.9852852853	16.6
0.9853853854	16.7
0.9854854855	16.7
0.9855855856	16.8
0.9856856857	16.8
0.9858858859	16.9
0.9860860861	17
0.9861861862	17.1
0.9862862863	17.1
0.9864864865	17.2
0.9866866867	17.2
0.9867867868	17.4
0.9868868869	17.4
0.9870870871	17.5
0.9871871872	17.6
0.9872872873	17.6
0.9874874875	17.6
0.9876876877	17.7
0.9877877878	17.9
0.9878878879	17.9
0.9880880881	18.1
0.9881881882	18.3
0.9882882883	18.3
0.9883883884	18.5
0.9885885886	18.5
0.9886886887	18.6
0.9887887888	18.7
0.9888888889	18.8
0.988988989	18.9
0.9890890891	19
0.9891891892	19.1
0.9892892893	19.1
0.9894894895	19.2
0.9895895896	19.3
0.9896896897	19.4
0.9897897898	19.5
0.9898898899	19.7
0.98998999	19.8
0.9900900901	19.8
0.9901901902	19.8
0.9902902903	20
0.9903903904	20
0.9904904905	20.1
0.9905905906	20.2
0.9906906907	20.2
0.9907907908	20.3
0.9908908909	20.4
0.990990991	20.5
0.9910910911	20.6
0.9911911912	20.6
0.9912912913	20.6
0.9913913914	20.8
0.9914914915	21.1
0.9916916917	21.1
0.9917917918	21.2
0.9918918919	21.3
0.991991992	21.3
0.9920920921	21.4
0.9921921922	21.5
0.9922922923	21.6
0.9923923924	21.6
0.9925925926	21.7
0.9926926927	21.8
0.992992993	21.9
0.9930930931	21.9
0.9932932933	22
0.9933933934	22
0.9935935936	22
0.9938938939	22.1
0.993993994	22.1
0.9940940941	22.1
0.9942942943	22.2
0.9943943944	22.3
0.9944944945	22.3
0.9947947948	22.3
0.994994995	22.3
0.9951951952	22.3
0.9952952953	22.4
0.9955955956	22.4
0.9960960961	22.4
0.9961961962	22.4
0.9962962963	22.5
0.9964964965	22.5
0.9966966967	22.5
0.996996997	22.5
0.9970970971	22.6
0.9973973974	22.6
0.9974974975	22.6
0.9977977978	22.6
0.9978978979	22.7
0.9982982983	22.7
0.9985985986	22.7
0.9986986987	22.7
0.998998999	22.8
0.9991991992	22.8
0.9993993994	22.8
0.9994994995	22.9
0.9995995996	22.9
0.9996996997	23
0.9997997998	23
0.9998998999	23.4
1	24.7

