Probability	Latency
0.0001001402	4.6
0.0003004206	4.7
0.001001402	4.7
0.0020028039	4.7
0.0030042059	4.7
0.0053074304	4.7
0.0068095333	4.8
0.0091127579	4.8
0.0119166834	4.8
0.0147206089	4.8
0.0175245343	4.8
0.021430002	4.9
0.0273382736	4.9
0.0335469658	4.9
0.0402563589	4.9
0.0476667334	4.9
0.0562787903	5
0.0653915482	5
0.0751051472	5
0.084718606	5
0.0961345884	5
0.1065491688	5.1
0.1182655718	5.1
0.1321850591	5.1
0.1473062287	5.1
0.1611255758	5.1
0.1755457641	5.2
0.1893651112	5.2
0.20408572	5.2
0.2191067494	5.2
0.2341277789	5.2
0.2510514721	5.3
0.2652713799	5.3
0.2807931104	5.3
0.2960144202	5.3
0.3079311035	5.3
0.321950731	5.4
0.3358702183	5.4
0.3500901262	5.4
0.3626076507	5.4
0.375025035	5.4
0.3875425596	5.5
0.3986581214	5.5
0.4109753655	5.5
0.4215902263	5.5
0.4324053675	5.5
0.4402163028	5.6
0.4478269577	5.6
0.4549369117	5.6
0.4629481274	5.6
0.4700580813	5.6
0.4767674745	5.7
0.48467855	5.7
0.490286401	5.7
0.4961946725	5.7
0.500500701	5.7
0.5054075706	5.8
0.5092128981	5.8
0.5144201883	5.8
0.5177248147	5.8
0.522431404	5.8
0.5262367314	5.9
0.5292409373	5.9
0.5323452834	5.9
0.5352493491	5.9
0.5381534148	5.9
0.5419587422	6
0.5454636491	6
0.5510715001	6
0.5592829962	6
0.5709993992	6
0.5840176247	6.1
0.5984378129	6.1
0.6134588424	6.1
0.6288804326	6.1
0.6427999199	6.1
0.6522130983	6.2
0.6610254356	6.2
0.6683356699	6.2
0.6736431003	6.2
0.6796515121	6.2
0.68876427	6.3
0.7001802524	6.3
0.7126977769	6.3
0.7258161426	6.3
0.7409373122	6.3
0.7592629682	6.4
0.7745844182	6.4
0.7879030643	6.4
0.7991187663	6.4
0.807630683	6.4
0.8161425996	6.5
0.8215501702	6.5
0.8272581614	6.5
0.832165031	6.5
0.8372721811	6.5
0.8424794713	6.6
0.8500901262	6.6
0.8574003605	6.6
0.8682155017	6.6
0.8778289605	6.6
0.8885439615	6.7
0.8992589625	6.7
0.9074704586	6.7
0.9135790106	6.7
0.9178850391	6.7
0.9224914881	6.8
0.9257961146	6.8
0.9276987783	6.8
0.9295013018	6.8
0.9308031244	6.8
0.9318045263	6.9
0.9324053675	6.9
0.9328059283	6.9
0.9331063489	6.9
0.9333066293	6.9
0.9339074705	7
0.934207891	7
0.9346084518	7
0.9351091528	7
0.9355097136	7
0.935709994	7.1
0.9360104146	7.1
0.9364109754	7.1
0.9371119567	7.1
0.9374123773	7.1
0.9375125175	7.2
0.9376126577	7.2
0.9379130783	7.2
0.9381133587	7.2
0.9384137793	7.2
0.9386140597	7.3
0.9390146205	7.3
0.9394151813	7.3
0.9396154616	7.3
0.9399158822	7.3
0.9401161626	7.4
0.940316443	7.4
0.9404165832	7.4
0.9406168636	7.4
0.9410174244	7.4
0.9412177048	7.5
0.9414179852	7.5
0.9416182656	7.5
0.9417184058	7.5
0.9420188264	7.5
0.9423192469	7.6
0.9426196675	7.6
0.9430202283	7.6
0.9435209293	7.6
0.9439214901	7.6
0.9444221911	7.7
0.9448227519	7.7
0.9452233126	7.7
0.9456238734	7.7
0.946424995	7.7
0.946925696	7.8
0.9478269577	7.8
0.9482275185	7.8
0.9490286401	7.8
0.9497296215	7.8
0.950530743	7.9
0.9514320048	7.9
0.9521329862	7.9
0.952533547	7.9
0.9528339676	7.9
0.9535349489	8
0.9536350891	8
0.9541357901	8
0.9544362107	8
0.9552373323	8
0.9559383136	8.1
0.9564390146	8.1
0.957139996	8.1
0.9575405568	8.1
0.9579411176	8.1
0.9585419587	8.2
0.9589425195	8.2
0.9596435009	8.2
0.9598437813	8.2
0.9602443421	8.2
0.9610454636	8.3
0.9613458842	8.3
0.9618465852	8.3
0.9620468656	8.3
0.962747847	8.3
0.963248548	8.4
0.9636491088	8.4
0.9638493891	8.4
0.9640496695	8.4
0.9646505107	8.4
0.9648507911	8.5
0.9650510715	8.5
0.9651512117	8.5
0.9656519127	8.5
0.9660524735	8.5
0.9664530342	8.6
0.966853595	8.6
0.9671540156	8.6
0.9674544362	8.6
0.9679551372	8.6
0.9684558382	8.7
0.968856399	8.7
0.9690566794	8.7
0.9695573803	8.7
0.9698578009	8.7
0.9702583617	8.8
0.9703585019	8.8
0.9706589225	8.8
0.9710594833	8.8
0.9715601843	8.9
0.9716603245	8.9
0.9717604647	8.9
0.9718606048	8.9
0.971960745	9
0.9720608852	9
0.9721610254	9.1
0.9723613058	9.1
0.972461446	9.1
0.9726617264	9.2
0.9727618666	9.2
0.9728620068	9.3
0.9730622872	9.3
0.9731624274	9.4
0.9732625676	9.4
0.9733627078	9.5
0.973462848	9.6
0.9735629882	9.6
0.9736631284	9.6
0.9737632686	9.7
0.973963549	9.7
0.9740636892	9.8
0.9741638294	9.9
0.9742639696	10
0.9743641098	10
0.9745643901	10
0.9746645303	10
0.9747646705	10.1
0.9748648107	10.2
0.9749649509	10.3
0.9751652313	10.5
0.9752653715	10.5
0.9753655117	10.6
0.9754656519	10.6
0.9755657921	10.8
0.9756659323	10.9
0.9757660725	10.9
0.9758662127	10.9
0.9760664931	11
0.9761666333	11.1
0.9762667735	11.2
0.9764670539	11.2
0.9765671941	11.3
0.9766673343	11.3
0.9767674745	11.4
0.9768676147	11.4
0.9769677549	11.5
0.9770678951	11.5
0.9771680352	11.6
0.9772681754	11.6
0.9773683156	11.8
0.9774684558	11.8
0.977568596	11.9
0.9776687362	11.9
0.9779691568	12
0.978069297	12
0.9781694372	12.1
0.9782695774	12.3
0.9783697176	12.3
0.9784698578	12.3
0.978569998	12.4
0.9787702784	12.6
0.9788704186	12.8
0.9789705588	12.8
0.979070699	12.9
0.9791708392	12.9
0.9792709794	13
0.9793711196	13.1
0.9794712598	13.1
0.9795714	13.3
0.9796715402	13.4
0.9797716804	13.5
0.9798718205	13.6
0.9800721009	13.6
0.9801722411	13.7
0.9802723813	13.7
0.9803725215	13.7
0.9804726617	13.7
0.9806729421	13.8
0.9807730823	13.8
0.9808732225	14
0.9809733627	14
0.9810735029	14.1
0.9811736431	14.1
0.9812737833	14.5
0.9813739235	14.5
0.9814740637	14.8
0.9815742039	14.8
0.9817744843	14.8
0.9818746245	14.9
0.9820749049	15
0.9821750451	15.1
0.9822751853	15.2
0.9823753255	15.2
0.9824754657	15.2
0.9825756058	15.3
0.982675746	15.8
0.9827758862	15.9
0.9829761666	15.9
0.9832765872	16
0.9833767274	16.1
0.9835770078	16.1
0.983677148	16.1
0.9837772882	16.1
0.9838774284	16.2
0.9839775686	16.2
0.984177849	16.5
0.9842779892	16.6
0.9843781294	16.6
0.9844782696	16.7
0.9845784098	16.7
0.98467855	16.7
0.9847786902	16.8
0.9848788304	16.9
0.9849789706	16.9
0.9850791108	17
0.985179251	17
0.9852793911	17.2
0.9853795313	17.3
0.9855798117	17.3
0.9856799519	17.4
0.9857800921	17.5
0.9858802323	17.5
0.9859803725	17.6
0.9860805127	18
0.9861806529	18
0.9862807931	18.1
0.9863809333	18.2
0.9864810735	18.2
0.9865812137	18.2
0.9866813539	18.2
0.9867814941	18.3
0.9868816343	18.4
0.9869817745	18.5
0.9870819147	18.6
0.9871820549	18.7
0.9872821951	18.8
0.9873823353	18.8
0.9874824755	18.9
0.9875826157	19.1
0.9877828961	19.1
0.9879831764	19.2
0.9881834568	19.3
0.988283597	19.5
0.9883837372	19.5
0.9884838774	19.6
0.9885840176	19.6
0.9886841578	19.7
0.988784298	19.7
0.9888844382	19.8
0.9889845784	19.9
0.9890847186	19.9
0.9891848588	20
0.989284999	20.1
0.9893851392	20.2
0.9894852794	20.2
0.9896855598	20.3
0.9897857	20.3
0.9898858402	20.3
0.9899859804	20.5
0.9900861206	20.5
0.9901862608	20.6
0.990286401	20.6
0.9903865412	20.6
0.9905868216	20.7
0.9906869617	20.7
0.9908872421	20.8
0.9909873823	20.8
0.9910875225	20.8
0.9913879431	20.9
0.9914880833	20.9
0.9916883637	20.9
0.9920889245	20.9
0.9921890647	20.9
0.9922892049	21
0.9924894853	21
0.9927899059	21.1
0.9928900461	21.1
0.9930903265	21.1
0.9931904667	21.2
0.993390747	21.3
0.9934908872	21.3
0.9935910274	21.4
0.9936911676	21.4
0.9937913078	21.4
0.993891448	21.4
0.9940917284	21.5
0.994392149	21.5
0.9944922892	21.5
0.9945924294	21.6
0.9946925696	21.6
0.9947927098	21.7
0.99489285	21.7
0.9950931304	21.7
0.9951932706	21.8
0.995393551	21.8
0.9954936912	21.8
0.9955938314	21.9
0.9956939716	21.9
0.9959943921	21.9
0.9960945323	21.9
0.9961946725	22
0.9967955137	22
0.9969957941	22
0.9970959343	22.1
0.9972962147	22.1
0.9974964951	22.1
0.9975966353	22.1
0.9976967755	22.2
0.9977969157	22.2
0.9978970559	22.2
0.9979971961	22.2
0.9980973363	22.3
0.9981974765	22.4
0.9982976167	22.4
0.9983977569	22.5
0.9984978971	22.6
0.9985980373	23.2
0.9986981774	23.2
0.9987983176	23.6
0.9988984578	23.7
0.998998598	23.8
0.9990987382	23.9
0.9991988784	24
0.999499299	24
0.9995994392	24.1
0.9996995794	24.2
0.9997997196	24.2
0.9998998598	24.8
1	25.9

