Probability	Latency
0.0001001603	9.7
0.0002003205	10
0.0003004808	10
0.000400641	10.1
0.0005008013	15.8
0.0006009615	15.8
0.0007011218	25.3
0.0008012821	26.6
0.0009014423	39.1
0.0010016026	39.2
0.0011017628	39.7
0.0012019231	39.7
0.0014022436	39.8
0.0015024038	40
0.0016025641	40.2
0.0018028846	40.2
0.0019030449	40.3
0.0020032051	40.3
0.0021033654	40.3
0.0022035256	40.4
0.0023036859	40.4
0.0024038462	40.4
0.0025040064	40.4
0.0026041667	40.6
0.0027043269	40.6
0.0029046474	40.6
0.0030048077	40.7
0.0033052885	40.7
0.0034054487	40.7
0.003505609	40.7
0.0036057692	40.8
0.0037059295	40.8
0.0038060897	40.8
0.0040064103	40.9
0.0042067308	40.9
0.0045072115	40.9
0.0046073718	40.9
0.0048076923	41
0.0050080128	41
0.0051081731	41
0.0052083333	41.1
0.0053084936	41.1
0.0055088141	41.1
0.0058092949	41.2
0.0060096154	41.2
0.0061097756	41.2
0.0062099359	41.3
0.0064102564	41.3
0.0067107372	41.3
0.0070112179	41.3
0.007411859	41.4
0.0075120192	41.4
0.0077123397	41.4
0.0078125	41.4
0.0079126603	41.4
0.0080128205	41.5
0.0081129808	41.5
0.0083133013	41.5
0.0084134615	41.5
0.0086137821	41.5
0.0091145833	41.6
0.0094150641	41.6
0.0101161859	41.6
0.0105168269	41.6
0.0108173077	41.6
0.0115184295	41.7
0.0118189103	41.7
0.012119391	41.7
0.0127203526	41.7
0.0132211538	41.7
0.0138221154	41.8
0.0142227564	41.8
0.0145232372	41.8
0.0150240385	41.8
0.0155248397	41.8
0.0159254808	41.9
0.0167267628	41.9
0.0170272436	41.9
0.0174278846	41.9
0.0177283654	41.9
0.0184294872	42
0.0192307692	42
0.019931891	42
0.0216346154	42
0.0231370192	42
0.0252403846	42.1
0.0274439103	42.1
0.0300480769	42.1
0.03125	42.1
0.0327524038	42.1
0.0345552885	42.2
0.0363581731	42.2
0.0373597756	42.2
0.0387620192	42.2
0.0396634615	42.2
0.0408653846	42.3
0.0426682692	42.3
0.0445713141	42.3
0.046875	42.3
0.0494791667	42.3
0.0523838141	42.4
0.0552884615	42.4
0.0571915064	42.4
0.0593950321	42.4
0.0609975962	42.4
0.0626001603	42.5
0.0645032051	42.5
0.06640625	42.5
0.0685096154	42.5
0.070713141	42.5
0.0740184295	42.6
0.0770232372	42.6
0.0806290064	42.6
0.0849358974	42.6
0.0878405449	42.6
0.0915464744	42.7
0.094150641	42.7
0.098056891	42.7
0.1018629808	42.7
0.1067708333	42.7
0.1137820513	42.8
0.1237980769	42.8
0.1370192308	42.8
0.1550480769	42.8
0.1749799679	42.8
0.1945112179	42.9
0.2142427885	42.9
0.23046875	42.9
0.2437900641	42.9
0.2558092949	42.9
0.2649238782	43
0.2749399038	43
0.2870592949	43
0.3010817308	43
0.3171073718	43
0.3301282051	43.1
0.3462540064	43.1
0.3618790064	43.1
0.3744991987	43.1
0.3875200321	43.1
0.3995392628	43.2
0.4109575321	43.2
0.4225761218	43.2
0.4378004808	43.2
0.4503205128	43.2
0.4638421474	43.3
0.4802684295	43.3
0.4932892628	43.3
0.5076121795	43.3
0.5209334936	43.3
0.531650641	43.4
0.5431690705	43.4
0.5527844551	43.4
0.5628004808	43.4
0.5735176282	43.4
0.5840344551	43.5
0.5944511218	43.5
0.6064703526	43.5
0.6185897436	43.5
0.629306891	43.5
0.6405248397	43.6
0.6524439103	43.6
0.66015625	43.6
0.6694711538	43.6
0.6773838141	43.6
0.6857972756	43.7
0.6947115385	43.7
0.703125	43.7
0.7100360577	43.7
0.7188501603	43.7
0.7280649038	43.8
0.7361778846	43.8
0.7443910256	43.8
0.7514022436	43.8
0.7578125	43.8
0.7650240385	43.9
0.7721354167	43.9
0.7784455128	43.9
0.7852564103	43.9
0.7906650641	43.9
0.7963741987	44
0.8029847756	44
0.8101963141	44
0.8170072115	44
0.8218149038	44
0.8273237179	44.1
0.8332331731	44.1
0.8384415064	44.1
0.8427483974	44.1
0.8478565705	44.1
0.8521634615	44.2
0.8559695513	44.2
0.8601762821	44.2
0.8641826923	44.2
0.8673878205	44.2
0.8699919872	44.3
0.8733974359	44.3
0.8755008013	44.3
0.878505609	44.3
0.8815104167	44.3
0.8842147436	44.4
0.88671875	44.4
0.8892227564	44.4
0.8914262821	44.4
0.8934294872	44.4
0.8951322115	44.5
0.8976362179	44.5
0.8994391026	44.5
0.9011418269	44.5
0.9024439103	44.5
0.9046474359	44.6
0.9057491987	44.6
0.9075520833	44.6
0.9089543269	44.6
0.9103565705	44.6
0.9109575321	44.7
0.9117588141	44.7
0.9128605769	44.7
0.9141626603	44.7
0.9151642628	44.7
0.9162660256	44.8
0.9174679487	44.8
0.9191706731	44.8
0.9202724359	44.8
0.921474359	44.8
0.9223758013	44.9
0.9232772436	44.9
0.9244791667	44.9
0.9262820513	44.9
0.9268830128	44.9
0.9277844551	45
0.9282852564	45
0.9290865385	45
0.930088141	45
0.9306891026	45
0.9313902244	45.1
0.9320913462	45.1
0.9328926282	45.1
0.93359375	45.1
0.9340945513	45.1
0.9350961538	45.2
0.9355969551	45.2
0.9363982372	45.2
0.9366987179	45.2
0.9372996795	45.3
0.9376001603	45.3
0.9381009615	45.3
0.9383012821	45.3
0.9387019231	45.4
0.9390024038	45.4
0.9395032051	45.4
0.9398036859	45.4
0.9401041667	45.4
0.9403044872	45.5
0.9404046474	45.5
0.9407051282	45.5
0.941005609	45.5
0.9411057692	45.6
0.9413060897	45.6
0.9416065705	45.6
0.941806891	45.7
0.9419070513	45.7
0.9420072115	45.7
0.9421073718	45.8
0.9423076923	45.8
0.9426081731	45.8
0.9428084936	45.9
0.9430088141	45.9
0.9433092949	45.9
0.9434094551	45.9
0.9436097756	46
0.9437099359	46
0.9438100962	46
0.9442107372	46.1
0.9443108974	46.1
0.9444110577	46.2
0.9445112179	46.2
0.9447115385	46.3
0.944911859	46.3
0.9450120192	46.3
0.9451121795	46.3
0.9452123397	46.4
0.9453125	46.4
0.9454126603	46.4
0.945713141	46.5
0.9458133013	46.5
0.9459134615	46.6
0.9460136218	46.6
0.9461137821	46.6
0.9462139423	46.7
0.9463141026	46.9
0.9465144231	46.9
0.9466145833	47
0.9467147436	47
0.9469150641	47.1
0.9470152244	47.1
0.9471153846	47.3
0.9472155449	47.3
0.9473157051	47.4
0.9475160256	47.4
0.9476161859	47.4
0.9477163462	47.5
0.9478165064	47.5
0.9479166667	47.8
0.9480168269	47.8
0.9481169872	47.9
0.9482171474	47.9
0.9483173077	47.9
0.9484174679	47.9
0.9485176282	48.3
0.9486177885	48.3
0.9487179487	48.3
0.948818109	48.6
0.9489182692	48.8
0.9490184295	49
0.9491185897	49.4
0.94921875	49.8
0.9493189103	50
0.9494190705	50.1
0.949619391	50.2
0.9497195513	50.2
0.9498197115	50.3
0.9499198718	50.3
0.9500200321	50.4
0.9501201923	50.4
0.9502203526	50.5
0.9503205128	50.5
0.9504206731	50.6
0.9505208333	50.6
0.9506209936	50.7
0.9507211538	50.8
0.9508213141	51.2
0.9509214744	51.4
0.9510216346	51.5
0.9511217949	51.6
0.9512219551	51.8
0.9513221154	52.1
0.9514222756	52.2
0.9515224359	52.3
0.9516225962	52.7
0.9517227564	52.9
0.9518229167	52.9
0.9519230769	53.1
0.9520232372	53.2
0.9521233974	53.3
0.9522235577	53.5
0.9523237179	53.8
0.9524238782	54.1
0.9525240385	55.9
0.9526241987	56.4
0.952724359	57.1
0.9528245192	57.5
0.9529246795	58.3
0.9530248397	58.7
0.953125	58.7
0.9532251603	58.9
0.9533253205	59
0.9534254808	59
0.953525641	59.1
0.9538261218	59.1
0.9539262821	59.1
0.9543269231	59.2
0.9544270833	59.3
0.9546274038	59.3
0.9547275641	59.3
0.9548277244	59.3
0.9549278846	59.4
0.9550280449	59.4
0.9552283654	59.4
0.9554286859	59.4
0.9555288462	59.4
0.9560296474	59.5
0.9565304487	59.5
0.95703125	59.5
0.9573317308	59.5
0.9575320513	59.5
0.9577323718	59.6
0.9581330128	59.6
0.9585336538	59.6
0.9591346154	59.6
0.9595352564	59.6
0.9600360577	59.7
0.9609375	59.7
0.9612379808	59.7
0.9618389423	59.7
0.9626402244	59.7
0.9633413462	59.8
0.964443109	59.8
0.9650440705	59.8
0.9656450321	59.8
0.9657451923	59.8
0.9666466346	59.9
0.9670472756	59.9
0.9676482372	59.9
0.96875	59.9
0.9696514423	59.9
0.9703525641	60
0.9711538462	60
0.9717548077	60
0.9721554487	60
0.9729567308	60
0.9740584936	60.1
0.9749599359	60.1
0.9751602564	60.1
0.9752604167	60.1
0.9760616987	60.1
0.9767628205	60.2
0.9773637821	60.2
0.9780649038	60.2
0.9785657051	60.2
0.9790665064	60.2
0.9797676282	60.3
0.9803685897	60.3
0.980869391	60.3
0.9809695513	60.3
0.9818709936	60.3
0.9824719551	60.4
0.9831730769	60.4
0.9835737179	60.4
0.9840745192	60.4
0.9846754808	60.4
0.9853766026	60.5
0.9857772436	60.5
0.9862780449	60.5
0.9864783654	60.5
0.9869791667	60.5
0.9871794872	60.6
0.9876802885	60.6
0.9883814103	60.6
0.9887820513	60.6
0.9890825321	60.6
0.9896834936	60.7
0.9899839744	60.7
0.9902844551	60.7
0.9906850962	60.7
0.9907852564	60.7
0.9909855769	60.8
0.9911858974	60.8
0.9915865385	60.8
0.9919871795	60.8
0.9923878205	60.8
0.9924879808	60.9
0.992588141	60.9
0.9929887821	60.9
0.9934895833	60.9
0.9936899038	61
0.9938902244	61
0.9942908654	61
0.9943910256	61
0.9944911859	61
0.9945913462	61.1
0.9946915064	61.1
0.9948918269	61.1
0.9949919872	61.2
0.9953926282	61.2
0.995693109	61.2
0.9958934295	61.3
0.9959935897	61.3
0.9961939103	61.3
0.9962940705	61.3
0.9965945513	61.4
0.9968950321	61.4
0.9969951923	61.4
0.9972956731	61.4
0.9973958333	61.5
0.9974959936	61.5
0.9976963141	61.6
0.9978966346	61.6
0.9979967949	61.6
0.9981971154	61.6
0.9982972756	61.7
0.9983974359	61.7
0.9984975962	61.9
0.9985977564	61.9
0.9986979167	61.9
0.9987980769	62
0.9989983974	62
0.9990985577	62
0.9992988782	62.2
0.9993990385	62.4
0.9994991987	64.5
0.999599359	65.3
0.9996995192	65.6
0.9997996795	66.8
0.9998998397	67
1	67.6

