Probability	Latency
0.0001001402	8.3
0.0002002804	8.4
0.000500701	8.5
0.0007009814	8.5
0.0008011216	8.5
0.0012016824	8.5
0.0016022431	8.5
0.0017023833	8.6
0.0022030843	8.6
0.0025035049	8.6
0.0030042059	8.6
0.0033046265	8.6
0.0037051873	8.7
0.004105748	8.7
0.0047065892	8.7
0.0052072902	8.7
0.0058081314	8.7
0.0063088324	8.8
0.0065091128	8.8
0.0071099539	8.8
0.0077107951	8.8
0.0079110755	8.8
0.0091127579	8.9
0.0095133186	8.9
0.0102143	8.9
0.0113158422	8.9
0.0126176647	8.9
0.0133186461	9
0.0145203285	9
0.0162227118	9
0.0179250951	9
0.0185259363	9
0.0196274785	9.1
0.020929301	9.1
0.021930703	9.1
0.0231323853	9.1
0.0242339275	9.1
0.0253354697	9.2
0.0262367314	9.2
0.027538554	9.2
0.0287402363	9.2
0.0296414981	9.2
0.0309433206	9.3
0.0318445824	9.3
0.0337472461	9.3
0.0348487883	9.3
0.0357500501	9.3
0.0373522932	9.4
0.0383536952	9.4
0.0394552373	9.4
0.0404566393	9.4
0.0413579011	9.4
0.042359303	9.5
0.0431604246	9.5
0.0442619668	9.5
0.0450630883	9.5
0.0460644903	9.5
0.0472661726	9.6
0.048467855	9.6
0.0493691168	9.6
0.0502703785	9.6
0.0511716403	9.6
0.052573603	9.7
0.053575005	9.7
0.0548768276	9.7
0.0557780893	9.7
0.0569797717	9.7
0.0576807531	9.8
0.0583817344	9.8
0.0589825756	9.8
0.0602843982	9.8
0.0608852393	9.8
0.0616863609	9.9
0.0627879031	9.9
0.063288604	9.9
0.0640897256	9.9
0.0644902864	9.9
0.0654916884	10
0.0658922491	10
0.0666933707	10
0.0675946325	10
0.0677949129	10
0.0682956139	10.1
0.0689965952	10.1
0.0691968756	10.1
0.0697977168	10.1
0.0699979972	10.1
0.0704986982	10.2
0.0707991188	10.2
0.070899259	10.2
0.0709993992	10.2
0.0713999599	10.2
0.0718005207	10.3
0.0720008011	10.3
0.0723012217	10.3
0.0725015021	10.3
0.0728019227	10.3
0.0730022031	10.4
0.0733026237	10.4
0.0734027639	10.4
0.0737031845	10.4
0.0741037452	10.4
0.074504306	10.5
0.0751051472	10.5
0.0752052874	10.5
0.0753054276	10.5
0.0758061286	10.5
0.0761065492	10.6
0.0762066894	10.6
0.07650711	10.6
0.0767073903	10.6
0.0768075305	10.6
0.0772080913	10.7
0.0776086521	10.7
0.0778089325	10.7
0.0781093531	10.7
0.0788103345	10.7
0.079611456	10.8
0.080112157	10.8
0.0805127178	10.8
0.0812136992	10.8
0.0813138394	10.8
0.0818145404	10.9
0.0823152413	10.9
0.0827158021	10.9
0.0830162227	10.9
0.0832165031	11
0.0834167835	11
0.0836170639	11
0.0838173443	11
0.0840176247	11
0.0846184659	11.1
0.0851191668	11.1
0.0854195874	11.1
0.085720008	11.1
0.0859202884	11.2
0.0861205688	11.2
0.0863208492	11.2
0.0865211296	11.2
0.0871219708	11.2
0.0874223913	11.3
0.0878229521	11.3
0.0880232325	11.3
0.0883236531	11.3
0.0889244943	11.4
0.0893250551	11.4
0.0895253355	11.4
0.0901261766	11.4
0.0904265972	11.4
0.0914279992	11.5
0.0929301021	11.5
0.0941317845	11.5
0.095934308	11.5
0.0986380933	11.5
0.1016422992	11.6
0.1073502904	11.6
0.1144602443	11.6
0.1222711797	11.6
0.1344882836	11.6
0.145904266	11.7
0.1597236131	11.7
0.1758461847	11.7
0.1919687563	11.7
0.2083917484	11.7
0.2212096936	11.8
0.2325255358	11.8
0.2402363309	11.8
0.2477468456	11.8
0.2532545564	11.8
0.2584618466	11.9
0.2634688564	11.9
0.2673743241	11.9
0.2701782495	11.9
0.2721810535	11.9
0.2738834368	12
0.27548568	12
0.2764870819	12
0.2786901662	12
0.2817945123	12
0.2849989986	12.1
0.2897055878	12.1
0.2960144202	12.1
0.3057280192	12.1
0.3188463849	12.1
0.3389745644	12.2
0.3641097537	12.2
0.3971560184	12.2
0.4354095734	12.2
0.4801722411	12.2
0.5317444422	12.3
0.5770078109	12.3
0.623973563	12.3
0.666332866	12.3
0.7014820749	12.3
0.7340276387	12.4
0.7557580613	12.4
0.7719807731	12.4
0.78569998	12.4
0.796414981	12.4
0.8038253555	12.5
0.810735029	12.5
0.8153414781	12.5
0.8186461045	12.5
0.8201482075	12.5
0.8221510114	12.6
0.8233526938	12.6
0.8237532546	12.6
0.8241538153	12.6
0.8244542359	12.6
0.8249549369	12.7
0.8251552173	12.7
0.8259563389	12.7
0.8261566193	12.7
0.8264570399	12.7
0.8266573202	12.8
0.8267574604	12.8
0.8271580212	12.8
0.8272581614	12.8
0.8277588624	12.8
0.8282595634	12.9
0.8284598438	12.9
0.828559984	12.9
0.8286601242	12.9
0.829060685	13
0.8291608252	13
0.8292609654	13
0.8295613859	13
0.8296615261	13
0.8299619467	13.1
0.8300620869	13.1
0.8302623673	13.1
0.8305627879	13.1
0.8306629281	13.1
0.8309633487	13.2
0.8310634889	13.2
0.8311636291	13.2
0.8313639095	13.2
0.8315641899	13.2
0.8316643301	13.3
0.8318646105	13.3
0.832165031	13.3
0.8323653114	13.3
0.8324654516	13.4
0.8325655918	13.4
0.832665732	13.4
0.8328660124	13.5
0.8330662928	13.5
0.8332665732	13.5
0.8333667134	13.5
0.8335669938	13.6
0.833667134	13.6
0.8337672742	13.6
0.8338674144	13.6
0.8339675546	13.6
0.8340676948	13.7
0.8342679752	13.7
0.8343681154	13.7
0.8344682556	13.7
0.8345683958	13.8
0.834668536	13.8
0.8348688163	13.9
0.8349689565	13.9
0.8350690967	13.9
0.8351692369	13.9
0.8353695173	14
0.8355697977	14
0.8357700781	14
0.8359703585	14
0.8360704987	14.1
0.8362707791	14.1
0.8364710595	14.2
0.8367714801	14.2
0.8368716203	14.2
0.8369717605	14.3
0.8371720409	14.4
0.8372721811	14.4
0.837772882	14.4
0.8381734428	14.5
0.8383737232	14.5
0.8384738634	14.5
0.8385740036	14.6
0.838774284	14.6
0.8388744242	14.6
0.8389745644	14.6
0.8391748448	14.7
0.839274985	14.7
0.8395754056	14.7
0.8398758262	14.8
0.8400761065	14.8
0.8402763869	14.9
0.8404766673	14.9
0.8405768075	14.9
0.8408772281	14.9
0.8409773683	15
0.8411776487	15
0.8415782095	15
0.8417784899	15
0.8419787703	15.1
0.8420789105	15.1
0.8423793311	15.2
0.8424794713	15.2
0.8427798918	15.2
0.842880032	15.2
0.8431804526	15.3
0.8435810134	15.3
0.8439815742	15.3
0.8440817144	15.4
0.8442819948	15.4
0.844382135	15.4
0.8445824154	15.4
0.8447826958	15.5
0.844882836	15.5
0.8450831164	15.5
0.8451832566	15.5
0.8452833968	15.5
0.845383537	15.6
0.8454836771	15.6
0.8455838173	15.7
0.8456839575	15.7
0.8458842379	15.7
0.8459843781	15.8
0.8463849389	15.8
0.8465852193	15.8
0.8469857801	15.8
0.8472862007	15.9
0.8475866213	15.9
0.8476867615	15.9
0.8477869017	15.9
0.8478870419	15.9
0.8482876026	16
0.8483877428	16
0.848487883	16
0.8488884438	16
0.848988584	16
0.8492890046	16.1
0.849489285	16.1
0.8495894252	16.1
0.8497897056	16.2
0.8498898458	16.2
0.8501902664	16.2
0.8502904066	16.2
0.8505908272	16.3
0.8506909674	16.3
0.8507911076	16.3
0.8510915281	16.4
0.8511916683	16.4
0.8513919487	16.5
0.8515922291	16.5
0.8517925095	16.5
0.8518926497	16.5
0.8519927899	16.6
0.8520929301	16.6
0.8521930703	16.6
0.8525936311	16.6
0.8528940517	16.6
0.8529941919	16.7
0.8530943321	16.7
0.8531944723	16.7
0.8532946125	16.7
0.8533947527	16.7
0.8534948928	16.8
0.853595033	16.8
0.8536951732	16.8
0.8537953134	16.8
0.8538954536	16.8
0.8539955938	16.9
0.8543961546	16.9
0.8544962948	16.9
0.8547967154	16.9
0.8548968556	16.9
0.8551972762	17
0.8553975566	17
0.8554976968	17.1
0.8556979772	17.1
0.8558982576	17.2
0.856098538	17.2
0.8564990987	17.3
0.8565992389	17.3
0.8567995193	17.3
0.8568996595	17.3
0.8570999399	17.4
0.8572000801	17.4
0.8577007811	17.4
0.8579010615	17.4
0.8580012017	17.5
0.8583016223	17.5
0.8584017625	17.5
0.8585019027	17.5
0.8589024634	17.6
0.8591027438	17.6
0.859202884	17.6
0.8593030242	17.7
0.8594031644	17.7
0.859703585	17.7
0.8600040056	17.7
0.8604045664	17.8
0.8605047066	17.8
0.8606048468	17.8
0.860704987	17.9
0.8609052674	17.9
0.861205688	18
0.8613058282	18
0.8614059684	18
0.8615061086	18.1
0.8616062487	18.1
0.8617063889	18.1
0.8620068095	18.1
0.8623072301	18.2
0.8625075105	18.2
0.8627077909	18.2
0.8629080713	18.3
0.8631083517	18.3
0.8632084919	18.3
0.8633086321	18.4
0.8634087723	18.4
0.8635089125	18.4
0.8636090527	18.5
0.8638093331	18.5
0.8640096135	18.5
0.8642098939	18.6
0.8644101742	18.6
0.8646104546	18.6
0.864810735	18.6
0.8650110154	18.7
0.8651111556	18.7
0.8654115762	18.8
0.8656118566	18.8
0.8657119968	18.9
0.8662126978	18.9
0.8664129782	19
0.8665131184	19
0.8666132586	19
0.8669136792	19
0.8671139595	19.1
0.8672140997	19.1
0.8673142399	19.1
0.8677148007	19.1
0.8678149409	19.1
0.8681153615	19.2
0.8683156419	19.2
0.8687162027	19.2
0.8690166233	19.2
0.8691167635	19.2
0.8694171841	19.3
0.8695173243	19.3
0.8696174645	19.3
0.8701181654	19.3
0.870418586	19.4
0.8708191468	19.4
0.8711195674	19.4
0.8718205488	19.4
0.8720208292	19.4
0.8722211096	19.5
0.8726216703	19.5
0.8731223713	19.5
0.8737232125	19.5
0.8742239135	19.5
0.8745243341	19.6
0.875025035	19.6
0.8753254556	19.6
0.8757260164	19.6
0.8759262968	19.6
0.8762267174	19.7
0.8766272782	19.7
0.877027839	19.7
0.87752854	19.7
0.8780292409	19.7
0.8782295213	19.8
0.8784298017	19.8
0.8786300821	19.8
0.8788303625	19.8
0.8790306429	19.8
0.8791307831	19.9
0.8794312037	19.9
0.8797316243	19.9
0.8798317645	19.9
0.8802323253	19.9
0.8808331664	20
0.881133587	20
0.8812337272	20
0.8815341478	20
0.881634288	20
0.8817344282	20.1
0.8819347086	20.1
0.8820348488	20.1
0.8822351292	20.2
0.8825355498	20.2
0.88263569	20.2
0.8827358302	20.2
0.8828359704	20.3
0.8829361106	20.3
0.8830362508	20.3
0.8831363909	20.3
0.8833366713	20.3
0.8839375125	20.4
0.8843380733	20.4
0.8850390547	20.4
0.8861405968	20.4
0.887242139	20.4
0.8881434008	20.5
0.8889445223	20.5
0.8904466253	20.5
0.8914480272	20.5
0.8921490086	20.5
0.8934508312	20.6
0.8946525135	20.6
0.8963548969	20.6
0.897456439	20.6
0.8987582616	20.6
0.8996595233	20.7
0.9011616263	20.7
0.9022631684	20.7
0.9044662528	20.7
0.9061686361	20.7
0.9083717204	20.8
0.9104746645	20.8
0.9121770479	20.8
0.913779291	20.8
0.9154816743	20.8
0.9175846185	20.9
0.9184858802	20.9
0.9196875626	20.9
0.9205888244	20.9
0.9213899459	20.9
0.9222912077	21
0.9228920489	21
0.9235930302	21
0.9238934508	21
0.9243941518	21
0.9250951332	21.1
0.9252954136	21.1
0.9255958342	21.1
0.9257961146	21.1
0.9258962548	21.3
0.925996395	21.4
0.9260965351	21.4
0.9261966753	21.4
0.9262968155	21.6
0.9263969557	21.6
0.9265972361	21.6
0.9266973763	21.7
0.9268976567	21.8
0.9269977969	21.9
0.9270979371	21.9
0.9271980773	21.9
0.9272982175	22
0.9273983577	22
0.9274984979	22
0.9275986381	22.1
0.9277989185	22.1
0.9279991989	22.2
0.9280993391	22.5
0.9281994793	22.5
0.9282996195	22.6
0.9283997597	22.6
0.9284998999	22.8
0.9286000401	23
0.9288003204	23.1
0.9290006008	23.1
0.929100741	23.2
0.9292008812	23.2
0.9293010214	23.3
0.9294011616	23.3
0.9295013018	23.5
0.9297015822	23.5
0.9298017224	23.5
0.9300020028	23.6
0.930102143	23.6
0.9302022832	23.6
0.9303024234	23.7
0.9304025636	23.7
0.9305027038	23.8
0.930602844	23.9
0.9308031244	23.9
0.9309032646	23.9
0.9310034048	24
0.931103545	24.1
0.9312036852	24.2
0.9313038254	24.2
0.9314039656	24.2
0.9315041057	24.3
0.9316042459	24.4
0.9317043861	24.4
0.9319046665	24.5
0.9321049469	24.5
0.9322050871	24.5
0.9324053675	24.6
0.9326056479	24.6
0.9327057881	24.6
0.9328059283	24.7
0.9329060685	25
0.9331063489	25
0.9332064891	25
0.9333066293	25.1
0.9334067695	25.3
0.9335069097	25.4
0.9336070499	25.4
0.9337071901	25.6
0.9338073303	25.6
0.9339074705	25.7
0.9340076107	25.7
0.9341077509	25.7
0.934207891	25.7
0.9343080312	26.1
0.9344081714	26.2
0.9345083116	26.2
0.9346084518	26.3
0.934708592	26.4
0.9348087322	26.5
0.9349088724	26.6
0.9350090126	26.8
0.935209293	26.8
0.9353094332	26.9
0.9354095734	27
0.9355097136	27.1
0.9356098538	27.1
0.935709994	27.2
0.9359102744	27.3
0.9360104146	27.4
0.9361105548	27.5
0.936210695	27.7
0.9363108352	27.7
0.9364109754	27.8
0.9365111156	27.9
0.9366112558	28
0.936711396	28.1
0.9368115362	28.2
0.9369116763	28.2
0.9370118165	28.3
0.9371119567	28.3
0.9372120969	28.4
0.9374123773	28.4
0.9376126577	28.5
0.9377127979	28.5
0.9379130783	28.5
0.9380132185	28.6
0.9384137793	28.6
0.9389144803	28.6
0.9394151813	28.6
0.939815742	28.6
0.940316443	28.7
0.9406168636	28.7
0.9415181254	28.7
0.9423192469	28.7
0.9430202283	28.7
0.9439214901	28.8
0.9443220509	28.8
0.9453234528	28.8
0.9462247146	28.8
0.9475265372	28.8
0.9484277989	28.9
0.9494292009	28.9
0.950530743	28.9
0.951031444	28.9
0.9519327058	28.9
0.952533547	29
0.9531343881	29
0.9534348087	29
0.9539355097	29
0.9540356499	29
0.9546364911	29.1
0.9551371921	29.1
0.9556378931	29.1
0.9560384538	29.1
0.9567394352	29.1
0.957139996	29.2
0.957640697	29.2
0.9584418185	29.2
0.9588423793	29.2
0.9595433607	29.2
0.9606449029	29.3
0.9615461646	29.3
0.9625475666	29.3
0.9633486882	29.3
0.9641498097	29.3
0.9651512117	29.4
0.966853595	29.4
0.9674544362	29.4
0.9685559784	29.4
0.9694572401	29.4
0.9704586421	29.5
0.9712597637	29.5
0.9716603245	29.5
0.9721610254	29.5
0.972461446	29.5
0.9725615862	29.6
0.9726617264	29.6
0.9727618666	29.6
0.9728620068	29.6
0.9730622872	29.7
0.9731624274	29.7
0.9732625676	29.8
0.9733627078	29.9
0.973462848	30
0.9735629882	30.1
0.9736631284	30.4
0.9737632686	30.4
0.9738634088	30.5
0.973963549	30.7
0.9740636892	30.7
0.9741638294	30.9
0.9742639696	31.1
0.9743641098	31.2
0.9744642499	31.4
0.9745643901	31.4
0.9746645303	31.6
0.9747646705	31.9
0.9748648107	32
0.9749649509	32.1
0.9750650911	32.1
0.9751652313	32.1
0.9752653715	32.2
0.9753655117	32.2
0.9754656519	32.3
0.9756659323	32.4
0.9757660725	32.6
0.9759663529	32.7
0.9760664931	32.8
0.9761666333	32.8
0.9762667735	32.9
0.9763669137	32.9
0.9764670539	33
0.9765671941	33
0.9766673343	33
0.9767674745	33.1
0.9768676147	33.1
0.9769677549	33.5
0.9770678951	33.6
0.9771680352	33.7
0.9772681754	33.9
0.9773683156	34.3
0.9774684558	34.4
0.977568596	34.7
0.9776687362	34.7
0.9778690166	34.7
0.9779691568	34.9
0.978069297	35.2
0.9781694372	35.4
0.9782695774	35.7
0.9783697176	35.7
0.9784698578	35.8
0.978569998	35.9
0.9786701382	36
0.9787702784	36.4
0.9789705588	36.4
0.979070699	36.5
0.9791708392	36.5
0.9794712598	36.5
0.9796715402	36.5
0.9798718205	36.6
0.9799719607	36.6
0.9801722411	36.6
0.9808732225	36.6
0.9810735029	36.6
0.9812737833	36.7
0.9814740637	36.7
0.9816743441	36.7
0.9817744843	36.7
0.9820749049	36.7
0.9824754657	36.8
0.982675746	36.8
0.9828760264	36.8
0.9830763068	36.8
0.9832765872	36.8
0.9835770078	36.9
0.9838774284	36.9
0.984177849	36.9
0.9844782696	36.9
0.9847786902	37
0.9848788304	37
0.9852793911	37
0.9853795313	37
0.9854796715	37.1
0.9857800921	37.1
0.9859803725	37.1
0.9861806529	37.2
0.9864810735	37.2
0.9865812137	37.2
0.9866813539	37.2
0.9868816343	37.3
0.9872821951	37.3
0.9874824755	37.3
0.9877828961	37.3
0.9879831764	37.3
0.9880833166	37.4
0.9881834568	37.4
0.9885840176	37.4
0.9886841578	37.4
0.9888844382	37.5
0.9889845784	37.5
0.9891848588	37.6
0.989284999	37.6
0.9893851392	37.6
0.9894852794	37.7
0.9895854196	37.8
0.9896855598	37.9
0.9897857	38.4
0.9898858402	38.4
0.9899859804	38.9
0.9900861206	38.9
0.9901862608	39
0.990286401	39
0.9903865412	39.4
0.9904866814	39.4
0.9905868216	39.9
0.9906869617	40.1
0.9907871019	40.2
0.9908872421	41
0.9909873823	41.2
0.9910875225	42.1
0.9911876627	42.2
0.9912878029	42.7
0.9913879431	43.2
0.9914880833	43.8
0.9915882235	44.3
0.9916883637	44.3
0.9917885039	44.6
0.9918886441	45
0.9919887843	45.2
0.9921890647	45.3
0.9922892049	45.4
0.9923893451	45.6
0.9924894853	45.6
0.9925896255	45.7
0.9926897657	45.9
0.9927899059	46.2
0.9928900461	46.8
0.9929901863	47.1
0.9930903265	48.6
0.9931904667	49.8
0.9932906068	50.3
0.993390747	50.5
0.9934908872	51.5
0.9935910274	51.7
0.9937913078	53.5
0.993891448	53.6
0.9940917284	53.6
0.9941918686	53.7
0.9942920088	53.7
0.994392149	53.8
0.9945924294	54
0.9946925696	54
0.9947927098	54.1
0.99489285	54.2
0.9949929902	54.3
0.9950931304	55
0.9951932706	55.4
0.9952934108	57.4
0.995393551	59.2
0.9954936912	61
0.9955938314	62.7
0.9956939716	64.7
0.9957941118	65.2
0.995894252	65.8
0.9959943921	68
0.9960945323	72.9
0.9961946725	75.9
0.9962948127	76.1
0.9963949529	79.1
0.9964950931	80.9
0.9965952333	81.4
0.9966953735	81.4
0.9967955137	82.2
0.9968956539	84.9
0.9969957941	89.2
0.9970959343	91.8
0.9971960745	92.6
0.9972962147	93.5
0.9973963549	94.8
0.9974964951	97.8
0.9975966353	98.4
0.9976967755	101.5
0.9977969157	102.6
0.9978970559	104.4
0.9979971961	105.1
0.9980973363	107.9
0.9981974765	108.8
0.9982976167	110
0.9983977569	112.3
0.9984978971	112.7
0.9985980373	116
0.9986981774	116.1
0.9987983176	116.8
0.9988984578	116.8
0.998998598	117.2
0.9990987382	118.1
0.9991988784	119.4
0.9992990186	121.2
0.9993991588	122
0.999499299	122.6
0.9995994392	123.5
0.9996995794	127.7
0.9997997196	135.1
0.9998998598	134.1
1	146.7

