Frequency	Latency
1	8.2
1	8.8
1	8.8
1	8.8
1	8.9
1	8.9
1	9.0
1	9.0
3	9.1
1	9.1
3	9.1
1	9.1
1	9.2
1	9.2
1	9.2
1	9.3
1	9.3
2	9.4
1	9.4
1	9.4
3	9.4
2	9.5
1	9.5
1	9.5
1	9.6
1	9.6
1	9.6
1	9.7
1	9.7
2	9.8
1	9.8
1	9.9
1	9.9
3	10.0
2	10.0
1	10.0
1	10.1
1	10.1
1	10.2
4	10.2
1	10.3
2	10.3
1	10.3
1	10.4
1	10.5
2	10.5
1	10.5
1	10.5
1	10.6
1	10.6
1	10.6
1	10.7
1	10.7
1	10.8
1	10.8
2	10.8
1	10.8
2	10.9
1	10.9
1	10.9
2	11.0
1	11.0
4	11.1
1	11.1
2	11.1
2	11.2
1	11.2
1	11.2
1	11.3
2	11.3
1	11.3
1	11.5
2	11.5
1	11.5
2	11.5
2	11.6
2	11.6
1	11.6
2	11.6
3	11.7
1	11.7
1	11.7
2	11.7
3	11.8
2	11.8
1	11.8
2	11.9
1	11.9
2	11.9
2	12.0
3	12.0
1	12.0
1	12.0
1	12.1
1	12.1
2	12.1
3	12.2
3	12.2
4	12.2
15	12.2
20	12.3
23	12.3
36	12.3
35	12.3
47	12.3
43	12.4
42	12.4
34	12.4
30	12.4
22	12.4
31	12.5
20	12.5
15	12.5
17	12.5
13	12.5
15	12.6
13	12.6
8	12.6
11	12.6
10	12.6
4	12.7
3	12.7
2	12.7
2	12.7
5	12.7
8	12.8
30	12.8
59	12.8
120	12.8
171	12.8
318	12.9
379	12.9
429	12.9
502	12.9
497	12.9
501	13.0
446	13.0
403	13.0
352	13.0
266	13.0
225	13.1
191	13.1
180	13.1
158	13.1
133	13.1
100	13.2
95	13.2
75	13.2
54	13.2
41	13.2
29	13.3
25	13.3
20	13.3
14	13.3
10	13.3
4	13.4
2	13.4
1	13.4
3	13.4
4	13.4
1	13.5
1	13.5
2	13.5
3	13.6
4	13.6
4	13.6
2	13.6
2	13.6
2	13.7
2	13.7
2	13.7
2	13.7
1	13.8
2	13.8
3	13.8
6	13.8
7	13.8
5	13.9
15	13.9
6	13.9
7	13.9
5	13.9
7	14.0
6	14.0
2	14.0
3	14.0
2	14.0
5	14.1
2	14.1
1	14.1
4	14.1
4	14.1
6	14.2
5	14.2
9	14.2
7	14.2
13	14.2
11	14.3
8	14.3
7	14.3
6	14.3
10	14.3
5	14.4
3	14.4
4	14.4
4	14.4
9	14.4
4	14.5
3	14.5
4	14.5
1	14.5
3	14.5
2	14.6
4	14.6
3	14.6
3	14.6
1	14.7
1	14.7
3	14.7
2	14.7
2	14.7
1	14.9
1	14.9
1	15.0
2	15.1
1	15.1
2	15.1
10	15.1
6	15.1
6	15.2
11	15.2
10	15.2
8	15.2
7	15.2
8	15.3
10	15.3
6	15.3
10	15.3
3	15.3
9	15.4
3	15.4
3	15.4
6	15.4
4	15.4
2	15.5
7	15.5
3	15.5
4	15.5
1	15.5
1	15.6
2	15.6
3	15.6
1	15.7
1	15.7
1	15.7
1	15.7
3	15.8
3	15.8
3	15.8
14	15.8
22	15.9
56	15.9
86	15.9
96	15.9
103	15.9
123	16.0
119	16.0
121	16.0
122	16.0
99	16.0
101	16.1
86	16.1
65	16.1
63	16.1
52	16.1
53	16.2
32	16.2
24	16.2
24	16.2
22	16.2
18	16.3
15	16.3
12	16.3
8	16.3
4	16.3
5	16.4
1	16.4
3	16.4
1	16.4
2	16.4
2	16.5
1	16.5
1	16.6
2	16.6
1	16.6
3	16.6
3	16.6
1	16.7
1	16.7
1	16.7
1	16.8
2	16.8
4	16.8
2	16.8
4	16.9
2	16.9
1	16.9
1	16.9
1	17.0
3	17.0
1	17.0
2	17.0
2	17.1
2	17.1
3	17.2
2	17.2
2	17.3
1	17.3
3	17.4
1	17.4
2	17.5
1	17.6
1	17.6
2	17.7
1	17.7
1	17.8
1	17.8
1	17.8
2	17.8
1	17.9
2	17.9
1	18.2
1	18.3
2	18.3
1	18.4
1	18.4
1	18.4
2	18.4
1	18.5
1	18.5
1	18.6
1	18.6
2	18.6
2	18.7
1	18.7
2	18.7
1	18.7
1	18.8
1	18.8
2	18.9
1	18.9
1	18.9
1	19.0
1	19.0
2	19.1
1	19.1
1	19.1
1	19.1
2	19.2
1	19.2
1	19.2
2	19.2
2	19.3
1	19.3
1	19.3
2	19.4
1	19.4
2	19.4
2	19.5
1	19.5
1	19.5
2	19.6
1	19.6
1	19.6
1	19.7
1	19.7
1	19.8
1	19.9
2	19.9
2	19.9
2	19.9
1	20.0
1	20.2
2	20.3
1	20.3
2	20.3
2	20.3
1	20.4
1	20.4
1	20.4
1	20.5
3	20.5
1	20.6
2	20.6
1	20.6
1	20.6
1	20.8
1	20.8
2	20.8
1	20.9
1	20.9
1	20.9
2	21.0
1	21.0
1	21.0
2	21.1
1	21.1
1	21.2
1	21.3
1	21.3
1	21.3
1	21.3
1	21.4
1	21.4
1	21.4
1	21.4
1	21.4
1	21.5
2	21.5
2	21.5
1	21.5
1	21.6
2	21.7
1	21.8
1	21.8
1	21.8
2	21.8
2	21.9
1	22.0
1	22.0
1	22.1
2	22.1
1	22.1
3	22.2
2	22.2
1	22.2
2	22.2
1	22.2
1	22.3
2	22.3
1	22.3
1	22.3
1	22.4
3	22.4
1	22.4
1	22.5
1	22.5
1	22.7
1	22.7
1	22.7
1	22.9
1	22.9
1	23.0
1	23.0
2	23.0
1	23.0
1	23.1
2	23.1
1	23.2
1	23.2
1	23.3
1	23.4
3	23.4
2	23.4
1	23.5
1	23.5
1	23.6
1	23.6
1	23.6
2	23.7
1	23.7
1	23.8
1	23.8
1	23.8
1	23.9
1	23.9
1	23.9
1	24.0
3	24.0
2	24.0
1	24.1
6	24.1
1	24.1
1	24.1
1	24.1
2	24.2
1	24.2
1	24.2
1	24.2
1	24.3
1	24.3
1	24.3
1	24.4
1	24.4
2	24.4
1	24.5
2	24.5
1	24.5
2	24.6
1	24.6
1	24.7
1	24.7
1	24.7
1	24.7
1	24.7
1	24.8
1	24.8
1	24.8
1	24.9
1	24.9
1	25.0
1	25.0
1	25.0
2	25.0
1	25.1
1	25.1
3	25.1
1	25.2
1	25.2
1	25.3
1	25.3
1	25.4
2	25.4
1	25.4
1	25.5
1	25.5
2	25.6
1	25.6
1	25.6
1	25.6
1	25.7
3	25.7
1	25.7
2	25.7
1	25.7
2	25.8
1	25.8
3	25.8
1	25.8
1	25.8
1	25.9
2	25.9
1	26.0
1	26.0
2	26.0
4	26.0
2	26.1
1	26.1
1	26.1
1	26.1
2	26.2
3	26.2
1	26.2
3	26.2
2	26.2
1	26.3
1	26.4
2	26.4
2	26.4
1	26.5
1	26.5
1	26.6
2	26.6
3	26.6
1	26.6
1	26.7
1	26.7
3	26.7
1	26.7
1	26.7
1	26.8
1	26.8
1	26.8
1	26.8
2	26.9
2	26.9
2	26.9
3	26.9
1	26.9
1	27.0
1	27.0
1	27.0
1	27.0
5	27.0
6	27.1
1	27.1
2	27.1
1	27.1
4	27.2
3	27.2
4	27.2
3	27.2
2	27.3
5	27.3
2	27.3
5	27.3
4	27.4
2	27.4
3	27.4
3	27.4
5	27.4
7	27.5
4	27.5
1	27.5
2	27.6
3	27.6
2	27.6
1	27.6
4	27.7
1	27.7
3	27.7
3	27.7
1	27.7
2	27.8
2	27.8
1	27.8
2	27.9
3	27.9
2	27.9
1	28.0
1	28.0
1	28.0
3	28.1
1	28.2
3	28.2
2	28.2
3	28.3
3	28.3
1	28.3
1	28.3
3	28.3
1	28.4
1	28.4
2	28.4
3	28.4
3	28.5
5	28.5
1	28.5
2	28.6
3	28.6
2	28.6
1	28.6
3	28.6
2	28.7
1	28.7
2	28.7
2	28.7
3	28.8
4	28.8
3	28.8
3	28.8
3	28.8
1	28.9
2	28.9
1	28.9
1	29.0
2	29.0
1	29.0
1	29.0
5	29.1
2	29.1
2	29.1
4	29.1
2	29.2
4	29.2
1	29.2
6	29.2
4	29.2
4	29.3
5	29.3
10	29.3
6	29.3
7	29.3
8	29.4
6	29.4
11	29.4
12	29.4
8	29.4
7	29.5
5	29.5
8	29.5
12	29.5
9	29.5
7	29.6
5	29.6
5	29.6
8	29.6
5	29.6
6	29.7
4	29.7
7	29.7
6	29.7
4	29.7
1	29.8
4	29.8
6	29.8
3	29.8
9	29.8
9	29.9
5	29.9
7	29.9
14	29.9
5	29.9
12	30.0
7	30.0
6	30.0
12	30.0
4	30.0
10	30.1
8	30.1
8	30.1
7	30.1
2	30.1
6	30.2
1	30.2
3	30.2
2	30.2
5	30.2
2	30.3
3	30.3
2	30.3
2	30.3
3	30.3
2	30.4
1	30.4
2	30.4
1	30.4
1	30.5
2	30.5
1	30.6
2	30.7
1	30.7
2	30.7
1	30.7
1	30.8
1	30.9
1	30.9
1	30.9
1	31.0
1	31.0
1	31.0
2	31.0
1	31.1
1	31.1
1	31.1
2	31.2
3	31.2
1	31.3
1	31.3
1	31.3
2	31.3
1	31.3
1	31.4
1	31.4
1	31.5
1	31.6
2	31.7
1	31.7
1	31.7
1	31.8
1	32.0
1	32.0
2	32.0
2	32.0
1	32.1
1	32.1
1	32.1
1	32.1
2	32.1
2	32.2
1	32.2
3	32.2
1	32.3
6	32.3
2	32.3
3	32.3
4	32.3
6	32.4
4	32.4
3	32.4
1	32.4
4	32.4
1	32.5
2	32.5
3	32.5
3	32.5
4	32.5
2	32.6
4	32.6
2	32.6
1	32.6
2	32.6
2	32.7
2	32.7
1	32.7
2	32.7
2	32.8
3	32.8
4	32.8
6	32.8
7	32.8
1	32.9
2	32.9
4	32.9
1	32.9
2	33.0
2	33.0
2	33.0
3	33.1
2	33.1
1	33.1
1	33.1
3	33.1
1	33.2
3	33.2
1	33.2
1	33.3
1	33.4
1	33.4
1	33.5
2	33.5
2	33.6
1	33.6
1	33.7
1	33.7
1	33.7
3	33.8
1	33.8
1	33.8
1	33.9
1	33.9
1	33.9
1	34.0
1	34.0
2	34.0
1	34.0
1	34.0
3	34.2
1	34.2
1	34.4
1	34.4
1	34.4
1	34.5
1	34.7
1	34.7
1	34.7
1	34.7
1	34.8
1	34.9
1	35.1
1	35.2
1	35.2
1	35.2
1	35.4
1	35.4
1	35.5
1	35.7
2	35.7
1	35.8
1	36.0
1	36.1
1	36.4
1	36.5
1	36.6
1	36.7
1	36.7
1	36.8
1	36.9
1	37.0
1	37.0
1	37.1
1	37.4
1	37.4
1	37.4
1	37.5
1	37.5
1	37.6
1	37.8
1	37.9
1	38.0
1	38.3
1	38.3
2	38.4
1	38.6
1	38.8
2	38.8
1	38.8
1	38.9
1	39.0
1	39.0
1	39.0
1	39.1
1	39.1
1	39.3
1	39.5
1	39.5
1	39.7
1	39.8
1	39.8
2	39.9
1	39.9
1	40.0
1	40.1
1	40.1
1	40.2
1	40.3
1	40.4
1	40.4
2	40.4
1	40.4
1	40.5
2	40.6
1	40.6
1	40.6
1	40.7
1	40.7
1	40.8
1	40.8
1	40.9
1	40.9
1	40.9
2	41.0
1	41.0
1	41.0
1	41.2
1	41.2
1	41.4
3	41.5
3	41.6
1	41.7
1	41.8
1	41.8
1	41.8
1	41.9
1	42.0
1	42.0
1	42.1
1	42.2
2	42.2
2	42.2
1	42.3
1	42.3
1	42.4
1	42.4
2	42.5
2	42.6
1	42.7
1	42.7
1	42.8
1	42.8
1	42.8
1	42.9
1	42.9
2	43.0
1	43.1
2	43.1
1	43.2
2	43.2
1	43.3
1	43.3
1	43.3
1	43.3
1	43.4
1	43.6
1	43.7
1	43.7
1	43.7
1	43.8
1	43.8
1	43.9
2	44.0
1	44.0
1	44.2
1	44.3
1	44.3
1	44.3
1	44.3
1	44.4
1	44.4
1	44.7
1	44.8
1	44.8
1	44.9
1	45.2
1	45.3
1	45.5
1	45.5
1	45.6
1	45.6
1	45.9
1	46.0
1	46.1
1	46.1
1	46.1
1	46.2
1	46.3
1	46.6
1	46.6
1	46.9
1	46.9
1	46.9
1	47.0
1	47.0
1	47.2
2	47.4
2	47.4
1	47.6
3	47.7
1	47.8
1	47.9
1	48.1
1	48.2
1	48.6
1	48.7
1	48.8
2	48.9
1	49.2
2	49.2
1	49.5
1	49.7
1	49.8
1	50.0
1	50.7
1	50.7
1	51.0
1	51.0
1	51.2
1	51.2
1	51.6
1	51.7
1	51.8
1	52.2
1	52.3
1	52.3
1	52.5
1	52.7
1	52.7
1	52.9
1	52.9
1	53.0
1	53.0
1	53.1
1	53.2
1	53.2
1	53.4
1	53.5
1	54.0
1	54.1
1	54.2
1	54.5
1	54.6
1	54.6
1	54.8
1	55.1
1	55.1
1	55.2
1	55.6
1	56.1
1	56.2
1	56.4
1	56.5
1	56.8
1	56.9
1	57.0
1	57.4
1	57.6
1	57.8
1	58.1
1	58.2
1	58.7
1	59.3
1	59.4
1	59.5
1	59.7
1	59.8
1	60.0
1	60.3
1	60.4
1	60.9
1	61.3
1	61.5
1	61.7
1	65.1
1	65.3
1	65.8
1	66.3
1	66.4
1	67.3
1	67.6
1	68.5
1	70.0
1	70.2
1	70.3
1	71.4
1	75.0
1	76.5
1	78.4
1	79.8
1	81.7
1	82.1
1	83.8
1	85.0
1	85.3
1	85.3
1	87.4
1	90.5
1	92.4
1	93.0
1	93.4
1	94.1
1	95.9
1	96.6
1	98.1
1	101.4
1	101.5
1	101.7
1	107.4
1	110.8
1	113.5
1	114.3
1	114.7
1	126.8
1	127.7
1	129.9
1	130.0
1	130.7
1	136.8
1	138.9
1	140.5
1	155.7
1	169.1
