Probability	Latency
0.0001000801	8.2
0.0002001601	8.8
0.0003002402	8.8
0.0004003203	8.8
0.0005004003	8.9
0.0006004804	8.9
0.0007005604	9
0.0008006405	9
0.0011008807	9.1
0.0012009608	9.1
0.001501201	9.1
0.001601281	9.1
0.0017013611	9.2
0.0018014412	9.2
0.0019015212	9.2
0.0020016013	9.3
0.0021016813	9.3
0.0023018415	9.4
0.0024019215	9.4
0.0025020016	9.4
0.0028022418	9.4
0.0030024019	9.5
0.003102482	9.5
0.003202562	9.5
0.0033026421	9.6
0.0034027222	9.6
0.0035028022	9.6
0.0036028823	9.7
0.0037029624	9.7
0.0039031225	9.8
0.0040032026	9.8
0.0041032826	9.9
0.0042033627	9.9
0.0045036029	10
0.004703763	10
0.0048038431	10
0.0049039231	10.1
0.0050040032	10.1
0.0051040833	10.2
0.0055044035	10.2
0.0056044836	10.3
0.0058046437	10.3
0.0059047238	10.3
0.0060048038	10.4
0.0061048839	10.5
0.006305044	10.5
0.0064051241	10.5
0.0065052042	10.5
0.0066052842	10.6
0.0067053643	10.6
0.0068054444	10.6
0.0069055244	10.7
0.0070056045	10.7
0.0071056845	10.8
0.0072057646	10.8
0.0074059247	10.8
0.0075060048	10.8
0.0077061649	10.9
0.007806245	10.9
0.0079063251	10.9
0.0081064852	11
0.0082065653	11
0.0086068855	11.1
0.0087069656	11.1
0.0089071257	11.1
0.0091072858	11.2
0.0092073659	11.2
0.009307446	11.2
0.009407526	11.3
0.0096076861	11.3
0.0097077662	11.3
0.0098078463	11.5
0.0100080064	11.5
0.0101080865	11.5
0.0103082466	11.5
0.0105084067	11.6
0.0107085669	11.6
0.0108086469	11.6
0.011008807	11.6
0.0113090472	11.7
0.0114091273	11.7
0.0115092074	11.7
0.0117093675	11.7
0.0120096077	11.8
0.0122097678	11.8
0.0123098479	11.8
0.012510008	11.9
0.0126100881	11.9
0.0128102482	11.9
0.0130104083	12
0.0133106485	12
0.0134107286	12
0.0135108086	12
0.0136108887	12.1
0.0137109688	12.1
0.0139111289	12.1
0.0142113691	12.2
0.0145116093	12.2
0.0149119295	12.2
0.0164131305	12.2
0.0184147318	12.3
0.0207165733	12.3
0.0243194556	12.3
0.0278222578	12.3
0.0325260208	12.3
0.0368294636	12.4
0.0410328263	12.4
0.0444355484	12.4
0.0474379504	12.4
0.0496397118	12.4
0.0527421938	12.5
0.054743795	12.5
0.056244996	12.5
0.0579463571	12.5
0.0592473979	12.5
0.0607485989	12.6
0.0620496397	12.6
0.0628502802	12.6
0.0639511609	12.6
0.0649519616	12.6
0.0653522818	12.7
0.065652522	12.7
0.0658526821	12.7
0.0660528423	12.7
0.0665532426	12.7
0.0673538831	12.8
0.070356285	12.8
0.0762610088	12.8
0.0882706165	12.8
0.1053843074	12.8
0.1372097678	12.9
0.1751401121	12.9
0.2180744596	12.9
0.2683146517	12.9
0.3180544436	12.9
0.3681945556	13
0.4128302642	13
0.45316253	13
0.4883907126	13
0.5150120096	13
0.537530024	13.1
0.5566453163	13.1
0.5746597278	13.1
0.5904723779	13.1
0.6037830264	13.1
0.6137910328	13.2
0.6232986389	13.2
0.6308046437	13.2
0.6362089672	13.2
0.6403122498	13.2
0.6432145717	13.3
0.6457165733	13.3
0.6477181745	13.3
0.6491192954	13.3
0.6501200961	13.3
0.6505204163	13.4
0.6507205765	13.4
0.6508206565	13.4
0.6511208967	13.4
0.651521217	13.4
0.651621297	13.5
0.6517213771	13.5
0.6519215372	13.5
0.6522217774	13.6
0.6526220977	13.6
0.6530224179	13.6
0.6532225781	13.6
0.6534227382	13.6
0.6536228983	13.7
0.6538230584	13.7
0.6540232186	13.7
0.6542233787	13.7
0.6543234588	13.8
0.6545236189	13.8
0.6548238591	13.8
0.6554243395	13.8
0.6561248999	13.8
0.6566253002	13.9
0.6581265012	13.9
0.6587269816	13.9
0.659427542	13.9
0.6599279424	13.9
0.6606285028	14
0.6612289832	14
0.6614291433	14
0.6617293835	14
0.6619295436	14
0.662429944	14.1
0.6626301041	14.1
0.6627301841	14.1
0.6631305044	14.1
0.6635308247	14.1
0.664131305	14.2
0.6646317054	14.2
0.6655324259	14.2
0.6662329864	14.2
0.6675340272	14.2
0.6686349079	14.3
0.6694355484	14.3
0.6701361089	14.3
0.6707365893	14.3
0.6717373899	14.3
0.6722377902	14.4
0.6725380304	14.4
0.6729383507	14.4
0.6733386709	14.4
0.6742393915	14.4
0.6746397118	14.5
0.674939952	14.5
0.6753402722	14.5
0.6754403523	14.5
0.6757405925	14.5
0.6759407526	14.6
0.6763410729	14.6
0.6766413131	14.6
0.6769415532	14.6
0.6770416333	14.7
0.6771417134	14.7
0.6774419536	14.7
0.6776421137	14.7
0.6778422738	14.7
0.6779423539	14.9
0.6780424339	14.9
0.678142514	15
0.6783426741	15.1
0.6784427542	15.1
0.6786429143	15.1
0.679643715	15.1
0.6802441954	15.1
0.6808446757	15.2
0.6819455564	15.2
0.6829463571	15.2
0.6837469976	15.2
0.684447558	15.2
0.6852481986	15.3
0.6862489992	15.3
0.6868494796	15.3
0.6878502802	15.3
0.6881505204	15.3
0.689051241	15.4
0.6893514812	15.4
0.6896517214	15.4
0.6902522018	15.4
0.690652522	15.4
0.6908526821	15.5
0.6915532426	15.5
0.6918534828	15.5
0.692253803	15.5
0.6923538831	15.5
0.6924539632	15.6
0.6926541233	15.6
0.6929543635	15.6
0.6930544436	15.7
0.6931545236	15.7
0.6932546037	15.7
0.6933546837	15.7
0.6936549239	15.8
0.6939551641	15.8
0.6942554043	15.8
0.6956565252	15.8
0.6978582866	15.9
0.7034627702	15.9
0.7120696557	15.9
0.7216773419	15.9
0.7319855885	15.9
0.7442954363	16
0.756204964	16
0.7683146517	16
0.7805244195	16
0.7904323459	16
0.8005404323	16.1
0.8091473179	16.1
0.815652522	16.1
0.8219575661	16.1
0.8271617294	16.1
0.8324659728	16.2
0.8356685348	16.2
0.8380704564	16.2
0.8404723779	16.2
0.8426741393	16.2
0.8444755805	16.3
0.8459767814	16.3
0.8471777422	16.3
0.8479783827	16.3
0.848378703	16.3
0.8488791033	16.4
0.8489791833	16.4
0.8492794235	16.4
0.8493795036	16.4
0.8495796637	16.4
0.8497798239	16.5
0.8498799039	16.5
0.849979984	16.6
0.8501801441	16.6
0.8502802242	16.6
0.8505804644	16.6
0.8508807046	16.6
0.8509807846	16.7
0.8510808647	16.7
0.8511809448	16.7
0.8512810248	16.8
0.8514811849	16.8
0.8518815052	16.8
0.8520816653	16.8
0.8524819856	16.9
0.8526821457	16.9
0.8527822258	16.9
0.8528823058	16.9
0.8529823859	17
0.8532826261	17
0.8533827062	17
0.8535828663	17
0.8537830264	17.1
0.8539831865	17.1
0.8542834267	17.2
0.8544835869	17.2
0.854683747	17.3
0.8547838271	17.3
0.8550840673	17.4
0.8551841473	17.4
0.8553843074	17.5
0.8554843875	17.6
0.8555844676	17.6
0.8557846277	17.7
0.8558847078	17.7
0.8559847878	17.8
0.8560848679	17.8
0.856184948	17.8
0.8563851081	17.8
0.8564851882	17.9
0.8566853483	17.9
0.8567854283	18.2
0.8568855084	18.3
0.8570856685	18.3
0.8571857486	18.4
0.8572858287	18.4
0.8573859087	18.4
0.8575860689	18.4
0.8576861489	18.5
0.857786229	18.5
0.857886309	18.6
0.8579863891	18.6
0.8581865492	18.6
0.8583867094	18.7
0.8584867894	18.7
0.8586869496	18.7
0.8587870296	18.7
0.8588871097	18.8
0.8589871898	18.8
0.8591873499	18.9
0.8592874299	18.9
0.85938751	18.9
0.8594875901	19
0.8595876701	19
0.8597878303	19.1
0.8598879103	19.1
0.8599879904	19.1
0.8600880705	19.1
0.8602882306	19.2
0.8603883106	19.2
0.8604883907	19.2
0.8606885508	19.2
0.860888711	19.3
0.860988791	19.3
0.8610888711	19.3
0.8612890312	19.4
0.8613891113	19.4
0.8615892714	19.4
0.8617894315	19.5
0.8618895116	19.5
0.8619895917	19.5
0.8621897518	19.6
0.8622898319	19.6
0.8623899119	19.6
0.862489992	19.7
0.8625900721	19.7
0.8626901521	19.8
0.8627902322	19.9
0.8629903923	19.9
0.8631905524	19.9
0.8633907126	19.9
0.8634907926	20
0.8635908727	20.2
0.8637910328	20.3
0.8638911129	20.3
0.864091273	20.3
0.8642914331	20.3
0.8643915132	20.4
0.8644915933	20.4
0.8645916733	20.4
0.8646917534	20.5
0.8649919936	20.5
0.8650920737	20.6
0.8652922338	20.6
0.8653923139	20.6
0.8654923939	20.6
0.865592474	20.8
0.865692554	20.8
0.8658927142	20.8
0.8659927942	20.9
0.8660928743	20.9
0.8661929544	20.9
0.8663931145	21
0.8664931946	21
0.8665932746	21
0.8667934347	21.1
0.8668935148	21.1
0.8669935949	21.2
0.8670936749	21.3
0.867193755	21.3
0.8672938351	21.3
0.8673939151	21.3
0.8674939952	21.4
0.8675940753	21.4
0.8676941553	21.4
0.8677942354	21.4
0.8678943155	21.4
0.8679943955	21.5
0.8681945556	21.5
0.8683947158	21.5
0.8684947958	21.5
0.8685948759	21.6
0.868795036	21.7
0.8688951161	21.8
0.8689951962	21.8
0.8690952762	21.8
0.8692954363	21.8
0.8694955965	21.9
0.8695956765	22
0.8696957566	22
0.8697958367	22.1
0.8699959968	22.1
0.8700960769	22.1
0.8703963171	22.2
0.8705964772	22.2
0.8706965572	22.2
0.8708967174	22.2
0.8709967974	22.2
0.8710968775	22.3
0.8712970376	22.3
0.8713971177	22.3
0.8714971978	22.3
0.8715972778	22.4
0.871897518	22.4
0.8719975981	22.4
0.8720976781	22.5
0.8721977582	22.5
0.8722978383	22.7
0.8723979183	22.7
0.8724979984	22.7
0.8725980785	22.9
0.8726981585	22.9
0.8727982386	23
0.8728983187	23
0.8730984788	23
0.8731985588	23
0.8732986389	23.1
0.873498799	23.1
0.8735988791	23.2
0.8736989592	23.2
0.8737990392	23.3
0.8738991193	23.4
0.8741993595	23.4
0.8743995196	23.4
0.8744995997	23.5
0.8745996797	23.5
0.8746997598	23.6
0.8747998399	23.6
0.8748999199	23.6
0.8751000801	23.7
0.8752001601	23.7
0.8753002402	23.8
0.8754003203	23.8
0.8755004003	23.8
0.8756004804	23.9
0.8757005604	23.9
0.8758006405	23.9
0.8759007206	24
0.8762009608	24
0.8764011209	24
0.876501201	24.1
0.8771016813	24.1
0.8772017614	24.1
0.8773018415	24.1
0.8774019215	24.1
0.8776020817	24.2
0.8777021617	24.2
0.8778022418	24.2
0.8779023219	24.2
0.8780024019	24.3
0.878102482	24.3
0.878202562	24.3
0.8783026421	24.4
0.8784027222	24.4
0.8786028823	24.4
0.8787029624	24.5
0.8789031225	24.5
0.8790032026	24.5
0.8792033627	24.6
0.8793034428	24.6
0.8794035228	24.7
0.8795036029	24.7
0.8796036829	24.7
0.879703763	24.7
0.8798038431	24.7
0.8799039231	24.8
0.8800040032	24.8
0.8801040833	24.8
0.8802041633	24.9
0.8803042434	24.9
0.8804043235	25
0.8805044035	25
0.8806044836	25
0.8808046437	25
0.8809047238	25.1
0.8810048038	25.1
0.881305044	25.1
0.8814051241	25.2
0.8815052042	25.2
0.8816052842	25.3
0.8817053643	25.3
0.8818054444	25.4
0.8820056045	25.4
0.8821056845	25.4
0.8822057646	25.5
0.8823058447	25.5
0.8825060048	25.6
0.8826060849	25.6
0.8827061649	25.6
0.882806245	25.6
0.8829063251	25.7
0.8832065653	25.7
0.8833066453	25.7
0.8835068054	25.7
0.8836068855	25.7
0.8838070456	25.8
0.8839071257	25.8
0.8842073659	25.8
0.884307446	25.8
0.884407526	25.8
0.8845076061	25.9
0.8847077662	25.9
0.8848078463	26
0.8849079263	26
0.8851080865	26
0.8855084067	26
0.8857085669	26.1
0.8858086469	26.1
0.885908727	26.1
0.886008807	26.1
0.8862089672	26.2
0.8865092074	26.2
0.8866092874	26.2
0.8869095276	26.2
0.8871096878	26.2
0.8872097678	26.3
0.8873098479	26.4
0.887510008	26.4
0.8877101681	26.4
0.8878102482	26.5
0.8879103283	26.5
0.8880104083	26.6
0.8882105685	26.6
0.8885108086	26.6
0.8886108887	26.6
0.8887109688	26.7
0.8888110488	26.7
0.889111289	26.7
0.8892113691	26.7
0.8893114492	26.7
0.8894115292	26.8
0.8895116093	26.8
0.8896116894	26.8
0.8897117694	26.8
0.8899119295	26.9
0.8901120897	26.9
0.8903122498	26.9
0.89061249	26.9
0.8907125701	26.9
0.8908126501	27
0.8909127302	27
0.8910128102	27
0.8911128903	27
0.8916132906	27
0.892213771	27.1
0.8923138511	27.1
0.8925140112	27.1
0.8926140913	27.1
0.8930144115	27.2
0.8933146517	27.2
0.893714972	27.2
0.8940152122	27.2
0.8942153723	27.3
0.8947157726	27.3
0.8949159327	27.3
0.8954163331	27.3
0.8958166533	27.4
0.8960168135	27.4
0.8963170536	27.4
0.8966172938	27.4
0.8971176942	27.4
0.8978182546	27.5
0.8982185749	27.5
0.8983186549	27.5
0.8985188151	27.6
0.8988190552	27.6
0.8990192154	27.6
0.8991192954	27.6
0.8995196157	27.7
0.8996196958	27.7
0.8999199359	27.7
0.9002201761	27.7
0.9003202562	27.7
0.9005204163	27.8
0.9007205765	27.8
0.9008206565	27.8
0.9010208167	27.9
0.9013210568	27.9
0.901521217	27.9
0.901621297	28
0.9017213771	28
0.9018214572	28
0.9021216974	28.1
0.9022217774	28.2
0.9025220176	28.2
0.9027221777	28.2
0.9030224179	28.3
0.9033226581	28.3
0.9034227382	28.3
0.9035228183	28.3
0.9038230584	28.3
0.9039231385	28.4
0.9040232186	28.4
0.9042233787	28.4
0.9045236189	28.4
0.9048238591	28.5
0.9053242594	28.5
0.9054243395	28.5
0.9056244996	28.6
0.9059247398	28.6
0.9061248999	28.6
0.90622498	28.6
0.9065252202	28.6
0.9067253803	28.7
0.9068254604	28.7
0.9070256205	28.7
0.9072257806	28.7
0.9075260208	28.8
0.9079263411	28.8
0.9082265813	28.8
0.9085268215	28.8
0.9088270616	28.8
0.9089271417	28.9
0.9091273018	28.9
0.9092273819	28.9
0.909327462	29
0.9095276221	29
0.9096277022	29
0.9097277822	29
0.9102281825	29.1
0.9104283427	29.1
0.9106285028	29.1
0.9110288231	29.1
0.9112289832	29.2
0.9116293034	29.2
0.9117293835	29.2
0.9123298639	29.2
0.9127301841	29.2
0.9131305044	29.3
0.9136309047	29.3
0.9146317054	29.3
0.9152321857	29.3
0.9159327462	29.3
0.9167333867	29.4
0.9173338671	29.4
0.9184347478	29.4
0.9196357086	29.4
0.9204363491	29.4
0.9211369095	29.5
0.9216373098	29.5
0.9224379504	29.5
0.9236389111	29.5
0.9245396317	29.5
0.9252401922	29.6
0.9257405925	29.6
0.9262409928	29.6
0.9270416333	29.6
0.9275420336	29.6
0.928142514	29.7
0.9285428343	29.7
0.9292433947	29.7
0.9298438751	29.7
0.9302441954	29.7
0.9303442754	29.8
0.9307445957	29.8
0.9313450761	29.8
0.9316453163	29.8
0.9325460368	29.8
0.9334467574	29.9
0.9339471577	29.9
0.9346477182	29.9
0.9360488391	29.9
0.9365492394	29.9
0.9377502002	30
0.9384507606	30
0.939051241	30
0.9402522018	30
0.940652522	30
0.9416533227	30.1
0.9424539632	30.1
0.9432546037	30.1
0.9439551641	30.1
0.9441553243	30.1
0.9447558046	30.2
0.9448558847	30.2
0.9451561249	30.2
0.945356285	30.2
0.9458566853	30.2
0.9460568455	30.3
0.9463570857	30.3
0.9465572458	30.3
0.9467574059	30.3
0.9470576461	30.3
0.9472578062	30.4
0.9473578863	30.4
0.9475580464	30.4
0.9476581265	30.4
0.9477582066	30.5
0.9479583667	30.5
0.9480584468	30.6
0.9482586069	30.7
0.9483586869	30.7
0.9485588471	30.7
0.9486589271	30.7
0.9487590072	30.8
0.9488590873	30.9
0.9489591673	30.9
0.9490592474	30.9
0.9491593275	31
0.9492594075	31
0.9493594876	31
0.9495596477	31
0.9496597278	31.1
0.9497598078	31.1
0.9498598879	31.1
0.950060048	31.2
0.9503602882	31.2
0.9504603683	31.3
0.9505604484	31.3
0.9506605284	31.3
0.9508606886	31.3
0.9509607686	31.3
0.9510608487	31.4
0.9511609287	31.4
0.9512610088	31.5
0.9513610889	31.6
0.951561249	31.7
0.9516613291	31.7
0.9517614091	31.7
0.9518614892	31.8
0.9519615693	32
0.9520616493	32
0.9522618094	32
0.9524619696	32
0.9525620496	32.1
0.9526621297	32.1
0.9527622098	32.1
0.9528622898	32.1
0.95306245	32.1
0.9532626101	32.2
0.9533626902	32.2
0.9536629303	32.2
0.9537630104	32.3
0.9543634908	32.3
0.9545636509	32.3
0.9548638911	32.3
0.9552642114	32.3
0.9558646918	32.4
0.956265012	32.4
0.9565652522	32.4
0.9566653323	32.4
0.9570656525	32.4
0.9571657326	32.5
0.9573658927	32.5
0.9576661329	32.5
0.9579663731	32.5
0.9583666934	32.5
0.9585668535	32.6
0.9589671737	32.6
0.9591673339	32.6
0.9592674139	32.6
0.9594675741	32.6
0.9596677342	32.7
0.9598678943	32.7
0.9599679744	32.7
0.9601681345	32.7
0.9603682946	32.8
0.9606685348	32.8
0.9610688551	32.8
0.9616693355	32.8
0.9623698959	32.8
0.962469976	32.9
0.9626701361	32.9
0.9630704564	32.9
0.9631705364	32.9
0.9633706966	33
0.9635708567	33
0.9637710168	33
0.964071257	33.1
0.9642714171	33.1
0.9643714972	33.1
0.9644715773	33.1
0.9647718175	33.1
0.9648718975	33.2
0.9651721377	33.2
0.9652722178	33.2
0.9653722978	33.3
0.9654723779	33.4
0.965572458	33.4
0.965672538	33.5
0.9658726982	33.5
0.9660728583	33.6
0.9661729384	33.6
0.9662730184	33.7
0.9663730985	33.7
0.9664731785	33.7
0.9667734187	33.8
0.9668734988	33.8
0.9669735789	33.8
0.9670736589	33.9
0.967173739	33.9
0.9672738191	33.9
0.9673738991	34
0.9674739792	34
0.9676741393	34
0.9677742194	34
0.9678742994	34
0.9681745396	34.2
0.9682746197	34.2
0.9683746998	34.4
0.9684747798	34.4
0.9685748599	34.4
0.96867494	34.5
0.96877502	34.7
0.9688751001	34.7
0.9689751801	34.7
0.9690752602	34.7
0.9691753403	34.8
0.9692754203	34.9
0.9693755004	35.1
0.9694755805	35.2
0.9695756605	35.2
0.9696757406	35.2
0.9697758207	35.4
0.9698759007	35.4
0.9699759808	35.5
0.9700760608	35.7
0.970276221	35.7
0.970376301	35.8
0.9704763811	36
0.9705764612	36.1
0.9706765412	36.4
0.9707766213	36.5
0.9708767014	36.6
0.9709767814	36.7
0.9710768615	36.7
0.9711769416	36.8
0.9712770216	36.9
0.9713771017	37
0.9714771817	37
0.9715772618	37.1
0.9716773419	37.4
0.9717774219	37.4
0.971877502	37.4
0.9719775821	37.5
0.9720776621	37.5
0.9721777422	37.6
0.9722778223	37.8
0.9723779023	37.9
0.9724779824	38
0.9725780624	38.3
0.9726781425	38.3
0.9728783026	38.4
0.9729783827	38.6
0.9730784628	38.8
0.9732786229	38.8
0.973378703	38.8
0.973478783	38.9
0.9735788631	39
0.9736789432	39
0.9737790232	39
0.9738791033	39.1
0.9739791833	39.1
0.9740792634	39.3
0.9741793435	39.5
0.9742794235	39.5
0.9743795036	39.7
0.9744795837	39.8
0.9745796637	39.8
0.9747798239	39.9
0.9748799039	39.9
0.974979984	40
0.9750800641	40.1
0.9751801441	40.1
0.9752802242	40.2
0.9753803042	40.3
0.9754803843	40.4
0.9755804644	40.4
0.9757806245	40.4
0.9758807046	40.4
0.9759807846	40.5
0.9761809448	40.6
0.9762810248	40.6
0.9763811049	40.6
0.9764811849	40.7
0.976581265	40.7
0.9766813451	40.8
0.9767814251	40.8
0.9768815052	40.9
0.9769815853	40.9
0.9770816653	40.9
0.9772818255	41
0.9773819055	41
0.9774819856	41
0.9775820657	41.2
0.9776821457	41.2
0.9777822258	41.4
0.978082466	41.5
0.9783827062	41.6
0.9784827862	41.7
0.9785828663	41.8
0.9786829464	41.8
0.9787830264	41.8
0.9788831065	41.9
0.9789831865	42
0.9790832666	42
0.9791833467	42.1
0.9792834267	42.2
0.9794835869	42.2
0.979683747	42.2
0.9797838271	42.3
0.9798839071	42.3
0.9799839872	42.4
0.9800840673	42.4
0.9802842274	42.5
0.9804843875	42.6
0.9805844676	42.7
0.9806845476	42.7
0.9807846277	42.8
0.9808847078	42.8
0.9809847878	42.8
0.9810848679	42.9
0.981184948	42.9
0.9813851081	43
0.9814851882	43.1
0.9816853483	43.1
0.9817854283	43.2
0.9819855885	43.2
0.9820856685	43.3
0.9821857486	43.3
0.9822858287	43.3
0.9823859087	43.3
0.9824859888	43.4
0.9825860689	43.6
0.9826861489	43.7
0.982786229	43.7
0.982886309	43.7
0.9829863891	43.8
0.9830864692	43.8
0.9831865492	43.9
0.9833867094	44
0.9834867894	44
0.9835868695	44.2
0.9836869496	44.3
0.9837870296	44.3
0.9838871097	44.3
0.9839871898	44.3
0.9840872698	44.4
0.9841873499	44.4
0.9842874299	44.7
0.98438751	44.8
0.9844875901	44.8
0.9845876701	44.9
0.9846877502	45.2
0.9847878303	45.3
0.9848879103	45.5
0.9849879904	45.5
0.9850880705	45.6
0.9851881505	45.6
0.9852882306	45.9
0.9853883106	46
0.9854883907	46.1
0.9855884708	46.1
0.9856885508	46.1
0.9857886309	46.2
0.985888711	46.3
0.985988791	46.6
0.9860888711	46.6
0.9861889512	46.9
0.9862890312	46.9
0.9863891113	46.9
0.9864891914	47
0.9865892714	47
0.9866893515	47.2
0.9868895116	47.4
0.9870896717	47.4
0.9871897518	47.6
0.987489992	47.7
0.9875900721	47.8
0.9876901521	47.9
0.9877902322	48.1
0.9878903122	48.2
0.9879903923	48.6
0.9880904724	48.7
0.9881905524	48.8
0.9883907126	48.9
0.9884907926	49.2
0.9886909528	49.2
0.9887910328	49.5
0.9888911129	49.7
0.988991193	49.8
0.989091273	50
0.9891913531	50.7
0.9892914331	50.7
0.9893915132	51
0.9894915933	51
0.9895916733	51.2
0.9896917534	51.2
0.9897918335	51.6
0.9898919135	51.7
0.9899919936	51.8
0.9900920737	52.2
0.9901921537	52.3
0.9902922338	52.3
0.9903923139	52.5
0.9904923939	52.7
0.990592474	52.7
0.990692554	52.9
0.9907926341	52.9
0.9908927142	53
0.9909927942	53
0.9910928743	53.1
0.9911929544	53.2
0.9912930344	53.2
0.9913931145	53.4
0.9914931946	53.5
0.9915932746	54
0.9916933547	54.1
0.9917934347	54.2
0.9918935148	54.5
0.9919935949	54.6
0.9920936749	54.6
0.992193755	54.8
0.9922938351	55.1
0.9923939151	55.1
0.9924939952	55.2
0.9925940753	55.6
0.9926941553	56.1
0.9927942354	56.2
0.9928943155	56.4
0.9929943955	56.5
0.9930944756	56.8
0.9931945556	56.9
0.9932946357	57
0.9933947158	57.4
0.9934947958	57.6
0.9935948759	57.8
0.993694956	58.1
0.993795036	58.2
0.9938951161	58.7
0.9939951962	59.3
0.9940952762	59.4
0.9941953563	59.5
0.9942954363	59.7
0.9943955164	59.8
0.9944955965	60
0.9945956765	60.3
0.9946957566	60.4
0.9947958367	60.9
0.9948959167	61.3
0.9949959968	61.5
0.9950960769	61.7
0.9951961569	65.1
0.995296237	65.3
0.9953963171	65.8
0.9954963971	66.3
0.9955964772	66.4
0.9956965572	67.3
0.9957966373	67.6
0.9958967174	68.5
0.9959967974	70
0.9960968775	70.2
0.9961969576	70.3
0.9962970376	71.4
0.9963971177	75
0.9964971978	76.5
0.9965972778	78.4
0.9966973579	79.8
0.996797438	81.7
0.996897518	82.1
0.9969975981	83.8
0.9970976781	85
0.9971977582	85.3
0.9972978383	85.3
0.9973979183	87.4
0.9974979984	90.5
0.9975980785	92.4
0.9976981585	93
0.9977982386	93.4
0.9978983187	94.1
0.9979983987	95.9
0.9980984788	96.6
0.9981985588	98.1
0.9982986389	101.4
0.998398719	101.5
0.998498799	101.7
0.9985988791	107.4
0.9986989592	110.8
0.9987990392	113.5
0.9988991193	114.3
0.9989991994	114.7
0.9990992794	126.8
0.9991993595	127.7
0.9992994396	129.9
0.9993995196	130
0.9994995997	130.7
0.9995996797	136.8
0.9996997598	138.9
0.9997998399	140.5
0.9998999199	155.7
1	169.1

